0.0001 423.05 342.71 278.09 227.28 187.63 156.62 132.21 112.79 97.181 84.489 74.061 
0.00010202 431.3 349.4 283.51 231.71 191.29 159.68 134.79 114.99 99.077 86.138 75.506 
0.00010408 439.72 356.22 289.04 236.23 195.02 162.8 137.42 117.24 101.01 87.819 76.98 
0.00010618 448.3 363.17 294.68 240.84 198.82 165.97 140.1 119.53 102.98 89.532 78.482 
0.00010833 457.04 370.25 300.43 245.54 202.7 169.21 142.84 121.86 104.99 91.279 80.013 
0.00011052 465.96 377.48 306.3 250.33 206.66 172.51 145.62 124.24 107.04 93.06 81.574 
0.00011275 475.05 384.84 312.27 255.21 210.69 175.88 148.46 126.66 109.13 94.876 83.166 
0.00011503 484.32 392.35 318.36 260.19 214.8 179.31 151.36 129.13 111.26 96.727 84.789 
0.00011735 493.77 400.01 324.57 265.27 218.99 182.81 154.31 131.65 113.43 98.615 86.443 
0.00011972 503.4 407.81 330.91 270.44 223.26 186.38 157.32 134.22 115.64 100.54 88.129 
0.00012214 513.22 415.76 337.36 275.72 227.62 190.01 160.39 136.84 117.9 102.5 89.849 
0.00012461 523.23 423.87 343.94 281.1 232.06 193.72 163.52 139.51 120.2 104.5 91.602 
0.00012712 533.44 432.14 350.65 286.58 236.59 197.5 166.71 142.23 122.54 106.54 93.389 
0.00012969 543.84 440.57 357.49 292.17 241.2 201.35 169.96 145.0 124.93 108.62 95.211 
0.00013231 554.45 449.16 364.46 297.87 245.91 205.28 173.28 147.83 127.37 110.74 97.068 
0.00013499 565.26 457.93 371.57 303.68 250.7 209.28 176.66 150.71 129.85 112.9 98.961 
0.00013771 576.29 466.86 378.82 309.6 255.59 213.36 180.1 153.65 132.39 115.1 100.89 
0.00014049 587.52 475.96 386.21 315.64 260.58 217.52 183.62 156.65 134.97 117.34 102.86 
0.00014333 598.98 485.24 393.74 321.8 265.66 221.77 187.2 159.71 137.6 119.63 104.87 
0.00014623 610.66 494.71 401.42 328.07 270.84 226.09 190.85 162.82 140.29 121.96 106.91 
0.00014918 622.57 504.35 409.25 334.47 276.12 230.5 194.57 166.0 143.02 124.34 109.0 
0.0001522 634.71 514.19 417.23 340.99 281.51 235.0 198.37 169.23 145.81 126.77 111.12 
0.00015527 647.09 524.21 425.36 347.64 287.0 239.58 202.23 172.53 148.65 129.24 113.29 
0.00015841 659.7 534.43 433.66 354.42 292.59 244.25 206.18 175.9 151.55 131.76 115.5 
0.00016161 672.56 544.85 442.11 361.33 298.3 249.01 210.2 179.33 154.51 134.33 117.75 
0.00016487 685.68 555.48 450.73 368.38 304.11 253.87 214.3 182.83 157.52 136.95 120.05 
0.0001682 699.04 566.31 459.52 375.56 310.04 258.82 218.48 186.39 160.59 139.62 122.39 
0.0001716 712.67 577.34 468.48 382.88 316.09 263.86 222.73 190.02 163.72 142.34 124.77 
0.00017507 726.56 588.6 477.61 390.34 322.25 269.01 227.08 193.73 166.92 145.12 127.21 
0.0001786 740.72 600.07 486.92 397.95 328.53 274.25 231.5 197.51 170.17 147.95 129.69 
0.00018221 755.16 611.77 496.41 405.71 334.93 279.6 236.02 201.36 173.49 150.83 132.22 
0.00018589 769.87 623.69 506.08 413.62 341.46 285.05 240.62 205.28 176.87 153.77 134.79 
0.00018965 784.87 635.84 515.94 421.68 348.12 290.6 245.31 209.28 180.32 156.77 137.42 
0.00019348 800.17 648.23 526.0 429.9 354.9 296.27 250.09 213.36 183.83 159.82 140.1 
0.00019739 815.76 660.86 536.25 438.27 361.82 302.04 254.96 217.52 187.41 162.94 142.83 
0.00020138 831.65 673.74 546.7 446.81 368.87 307.92 259.93 221.76 191.07 166.11 145.61 
0.00020544 847.85 686.86 557.35 455.52 376.05 313.92 264.99 226.08 194.79 169.35 148.45 
0.00020959 864.37 700.24 568.2 464.39 383.38 320.04 270.16 230.48 198.58 172.65 151.34 
0.00021383 881.2 713.88 579.27 473.44 390.85 326.28 275.42 234.97 202.45 176.02 154.29 
0.00021815 898.36 727.79 590.55 482.66 398.46 332.63 280.79 239.55 206.4 179.44 157.3 
0.00022255 915.86 741.96 602.06 492.06 406.22 339.11 286.26 244.22 210.42 182.94 160.36 
0.00022705 933.69 756.41 613.78 501.64 414.14 345.72 291.83 248.97 214.52 186.5 163.49 
0.00023164 951.87 771.14 625.73 511.41 422.2 352.45 297.51 253.82 218.69 190.14 166.67 
0.00023632 970.4 786.15 637.91 521.37 430.42 359.31 303.31 258.77 222.95 193.84 169.92 
0.00024109 989.29 801.45 650.33 531.52 438.8 366.31 309.21 263.81 227.3 197.61 173.23 
0.00024596 1008.5 817.05 662.99 541.86 447.34 373.44 315.23 268.94 231.72 201.46 176.6 
0.00025093 1028.2 832.95 675.89 552.41 456.05 380.71 321.37 274.18 236.23 205.39 180.04 
0.000256 1048.2 849.16 689.05 563.16 464.93 388.12 327.63 279.51 240.83 209.38 183.54 
0.00026117 1068.6 865.68 702.46 574.12 473.97 395.67 334.0 284.96 245.52 213.46 187.12 
0.00026645 1089.4 882.52 716.12 585.29 483.2 403.37 340.5 290.5 250.3 217.61 190.76 
0.00027183 1110.5 899.69 730.05 596.68 492.6 411.22 347.13 296.15 255.17 221.85 194.47 
0.00027732 1132.1 917.19 744.25 608.28 502.18 419.22 353.88 301.92 260.13 226.17 198.25 
0.00028292 1154.2 935.02 758.73 620.12 511.95 427.37 360.77 307.79 265.19 230.57 202.11 
0.00028864 1176.6 953.2 773.48 632.17 521.9 435.69 367.78 313.78 270.35 235.05 206.04 
0.00029447 1199.5 971.74 788.52 644.47 532.05 444.16 374.94 319.88 275.61 239.62 210.05 
0.00030042 1222.8 990.62 803.85 656.99 542.4 452.79 382.23 326.1 280.97 244.28 214.14 
0.00030649 1246.5 1009.9 819.47 669.76 552.94 461.6 389.66 332.44 286.43 249.03 218.3 
0.00031268 1270.8 1029.5 835.39 682.78 563.69 470.57 397.23 338.9 292.0 253.88 222.55 
0.00031899 1295.4 1049.5 851.62 696.05 574.64 479.71 404.95 345.49 297.68 258.81 226.87 
0.00032544 1320.6 1069.9 868.17 709.57 585.8 489.03 412.82 352.2 303.46 263.84 231.28 
0.00033201 1346.2 1090.7 885.03 723.35 597.18 498.53 420.84 359.05 309.36 268.97 235.78 
0.00033872 1372.4 1111.8 902.21 737.4 608.78 508.22 429.01 366.02 315.37 274.19 240.36 
0.00034556 1399.0 1133.4 919.72 751.71 620.6 518.08 437.35 373.13 321.5 279.52 245.03 
0.00035254 1426.2 1155.4 937.58 766.3 632.65 528.14 445.84 380.38 327.74 284.95 249.79 
0.00035966 1453.8 1177.8 955.77 781.18 644.93 538.39 454.49 387.76 334.1 290.48 254.64 
0.00036693 1482.0 1200.7 974.31 796.33 657.44 548.84 463.31 395.29 340.59 296.12 259.58 
0.00037434 1510.8 1224.0 993.21 811.78 670.2 559.49 472.3 402.96 347.2 301.87 264.62 
0.0003819 1540.1 1247.7 1012.5 827.52 683.19 570.34 481.46 410.77 353.93 307.73 269.75 
0.00038962 1569.9 1271.9 1032.1 843.56 696.44 581.4 490.8 418.74 360.8 313.69 274.99 
0.00039749 1600.3 1296.5 1052.1 859.91 709.94 592.67 500.32 426.86 367.8 319.78 280.32 
0.00040552 1631.3 1321.6 1072.5 876.58 723.7 604.16 510.02 435.14 374.93 325.98 285.76 
0.00041371 1662.9 1347.2 1093.3 893.56 737.72 615.87 519.9 443.57 382.2 332.3 291.3 
0.00042207 1695.1 1373.3 1114.4 910.86 752.01 627.8 529.97 452.16 389.6 338.74 296.94 
0.0004306 1727.9 1399.9 1136.0 928.5 766.57 639.96 540.24 460.92 397.15 345.3 302.7 
0.00043929 1761.3 1427.0 1158.0 946.47 781.41 652.34 550.7 469.85 404.84 351.99 308.56 
0.00044817 1795.4 1454.6 1180.4 964.78 796.53 664.97 561.36 478.94 412.68 358.8 314.54 
0.00045722 1830.1 1482.7 1203.2 983.44 811.94 677.83 572.22 488.21 420.66 365.75 320.63 
0.00046646 1865.5 1511.4 1226.5 1002.5 827.64 690.94 583.28 497.66 428.8 372.83 326.83 
0.00047588 1901.5 1540.6 1250.2 1021.8 843.63 704.3 594.56 507.28 437.1 380.04 333.15 
0.0004855 1938.2 1570.3 1274.3 1041.6 859.94 717.91 606.05 517.09 445.55 387.39 339.6 
0.0004953 1975.7 1600.6 1298.9 1061.7 876.54 731.78 617.76 527.08 454.16 394.87 346.16 
0.00050531 2013.8 1631.5 1324.0 1082.2 893.47 745.91 629.7 537.26 462.93 402.5 352.85 
0.00051552 2052.6 1663.0 1349.5 1103.1 910.71 760.31 641.85 547.63 471.87 410.28 359.67 
0.00052593 2092.2 1695.1 1375.6 1124.3 928.28 774.98 654.24 558.2 480.98 418.2 366.61 
0.00053656 2132.5 1727.7 1402.1 1146.0 946.18 789.93 666.86 568.97 490.26 426.27 373.69 
0.00054739 2173.6 1761.0 1429.1 1168.1 964.42 805.15 679.72 579.94 499.72 434.49 380.9 
0.00055845 2215.4 1794.9 1456.6 1190.6 983.0 820.67 692.82 591.12 509.35 442.87 388.24 
0.00056973 2258.1 1829.5 1484.7 1213.5 1001.9 836.47 706.16 602.51 519.17 451.41 395.72 
0.00058124 2301.5 1864.7 1513.2 1236.9 1021.2 852.58 719.76 614.11 529.16 460.1 403.35 
0.00059299 2345.8 1900.5 1542.3 1260.7 1040.9 868.98 733.61 625.93 539.35 468.96 411.12 
0.00060496 2390.8 1937.1 1572.0 1284.9 1060.9 885.69 747.72 637.97 549.73 477.98 419.03 
0.00061719 2436.7 1974.3 1602.2 1309.6 1081.3 902.71 762.09 650.24 560.3 487.18 427.09 
0.00062965 2483.5 2012.1 1632.9 1334.7 1102.0 920.05 776.73 662.73 571.07 496.54 435.3 
0.00064237 2531.1 2050.7 1664.2 1360.3 1123.2 937.71 791.65 675.46 582.04 506.08 443.66 
0.00065535 2579.7 2090.1 1696.2 1386.4 1144.7 955.7 806.84 688.43 593.21 515.8 452.18 
0.00066859 2629.1 2130.1 1728.7 1413.0 1166.7 974.03 822.31 701.63 604.59 525.69 460.86 
0.0006821 2679.4 2170.9 1761.8 1440.1 1189.0 992.69 838.07 715.08 616.18 535.78 469.7 
0.00069588 2730.7 2212.4 1795.5 1467.6 1211.8 1011.7 854.12 728.78 627.99 546.04 478.7 
0.00070993 2782.9 2254.7 1829.8 1495.7 1235.0 1031.1 870.47 742.73 640.01 556.5 487.87 
0.00072427 2836.1 2297.8 1864.8 1524.3 1258.6 1050.8 887.12 756.94 652.26 567.15 497.21 
0.00073891 2890.2 2341.7 1900.4 1553.4 1282.6 1070.9 904.07 771.41 664.73 577.99 506.72 
0.00075383 2945.4 2386.4 1936.7 1583.1 1307.1 1091.3 921.34 786.14 677.43 589.04 516.41 
0.00076906 3001.5 2431.9 1973.6 1613.3 1332.0 1112.1 938.92 801.15 690.36 600.29 526.27 
0.0007846 3058.7 2478.2 2011.2 1644.0 1357.4 1133.3 956.82 816.43 703.53 611.74 536.31 
0.00080045 3116.9 2525.4 2049.5 1675.3 1383.3 1154.9 975.05 831.99 716.94 623.4 546.54 
0.00081662 3176.2 2573.5 2088.5 1707.2 1409.6 1176.9 993.62 847.83 730.6 635.28 556.95 
0.00083311 3236.6 2622.4 2128.2 1739.6 1436.4 1199.3 1012.5 863.96 744.5 647.37 567.56 
0.00084994 3298.0 2672.2 2168.6 1772.7 1463.7 1222.1 1031.8 880.38 758.65 659.68 578.35 
0.00086711 3360.6 2722.9 2209.8 1806.3 1491.5 1245.3 1051.3 897.1 773.06 672.22 589.34 
0.00088463 3424.3 2774.5 2251.7 1840.6 1519.8 1268.9 1071.3 914.12 787.73 684.97 600.53 
0.0009025 3489.1 2827.0 2294.3 1875.4 1548.5 1292.9 1091.6 931.45 802.67 697.96 611.92 
0.00092073 3555.1 2880.5 2337.7 1910.9 1577.9 1317.4 1112.3 949.09 817.87 711.19 623.51 
0.00093933 3622.3 2934.9 2381.9 1947.1 1607.7 1342.3 1133.3 967.04 833.35 724.64 635.32 
0.00095831 3690.7 2990.3 2426.9 1983.8 1638.1 1367.7 1154.7 985.31 849.1 738.34 647.33 
0.00097767 3760.3 3046.7 2472.7 2021.3 1669.0 1393.5 1176.5 1003.9 865.13 752.29 659.56 
0.00099742 3831.1 3104.2 2519.2 2059.3 1700.4 1419.8 1198.7 1022.8 881.44 766.48 672.0 
0.0010176 3903.2 3162.6 2566.7 2098.1 1732.4 1446.5 1221.3 1042.1 898.05 780.92 684.66 
0.0010381 3976.6 3222.0 2614.9 2137.6 1765.0 1473.7 1244.2 1061.7 914.95 795.62 697.55 
0.0010591 4051.3 3282.5 2664.0 2177.7 1798.2 1501.4 1267.6 1081.7 932.14 810.57 710.67 
0.0010805 4127.2 3344.1 2714.0 2218.6 1831.9 1529.5 1291.4 1102.0 949.64 825.79 724.01 
0.0011023 4204.6 3406.7 2764.8 2260.1 1866.2 1558.2 1315.6 1122.6 967.45 841.28 737.59 
0.0011246 4283.2 3470.5 2816.6 2302.4 1901.1 1587.4 1340.2 1143.6 985.56 857.03 751.41 
0.0011473 4363.2 3535.3 2869.2 2345.4 1936.7 1617.0 1365.3 1165.0 1004.0 873.06 765.46 
0.0011705 4444.7 3601.3 2922.7 2389.2 1972.8 1647.2 1390.8 1186.8 1022.7 889.37 779.76 
0.0011941 4527.5 3668.4 2977.2 2433.7 2009.6 1677.9 1416.7 1208.9 1041.8 905.96 794.31 
0.0012182 4611.7 3736.7 3032.6 2479.0 2047.0 1709.2 1443.1 1231.4 1061.2 922.83 809.11 
0.0012429 4697.4 3806.1 3089.0 2525.1 2085.0 1740.9 1469.9 1254.3 1080.9 939.99 824.15 
0.001268 4784.6 3876.7 3146.3 2572.0 2123.7 1773.2 1497.2 1277.6 1101.0 957.45 839.46 
0.0012936 4873.2 3948.5 3204.6 2619.6 2163.1 1806.1 1524.9 1301.3 1121.4 975.2 855.03 
0.0013197 4963.3 4021.6 3263.9 2668.1 2203.1 1839.5 1553.2 1325.4 1142.2 993.25 870.86 
0.0013464 5055.0 4095.9 3324.1 2717.4 2243.8 1873.5 1581.8 1349.8 1163.3 1011.6 886.95 
0.0013736 5148.2 4171.4 3385.4 2767.5 2285.2 1908.1 1611.0 1374.7 1184.7 1030.3 903.32 
0.0014013 5243.0 4248.2 3447.8 2818.4 2327.3 1943.2 1640.7 1400.1 1206.6 1049.2 919.96 
0.0014296 5339.3 4326.2 3511.1 2870.2 2370.0 1978.9 1670.8 1425.8 1228.7 1068.5 936.88 
0.0014585 5437.2 4405.6 3575.5 2922.9 2413.5 2015.2 1701.5 1452.0 1251.3 1088.1 954.07 
0.001488 5536.8 4486.2 3641.0 2976.4 2457.7 2052.1 1732.7 1478.6 1274.2 1108.1 971.55 
0.001518 5638.0 4568.2 3707.5 3030.8 2502.6 2089.6 1764.3 1505.6 1297.5 1128.3 989.32 
0.0015487 5740.8 4651.6 3775.2 3086.1 2548.3 2127.8 1796.5 1533.1 1321.2 1148.9 1007.4 
0.00158 5845.3 4736.2 3843.9 3142.3 2594.7 2166.5 1829.2 1561.0 1345.3 1169.9 1025.7 
0.0016119 5951.5 4822.3 3913.8 3199.4 2641.8 2205.9 1862.5 1589.4 1369.7 1191.1 1044.4 
0.0016445 6059.4 4909.7 3984.7 3257.4 2689.7 2245.9 1896.3 1618.2 1394.6 1212.7 1063.3 
0.0016777 6169.1 4998.6 4056.8 3316.3 2738.4 2286.5 1930.6 1647.5 1419.8 1234.7 1082.6 
0.0017116 6280.5 5088.8 4130.1 3376.2 2787.9 2327.8 1965.5 1677.2 1445.4 1257.0 1102.1 
0.0017462 6393.6 5180.5 4204.5 3437.0 2838.1 2369.7 2000.9 1707.4 1471.5 1279.6 1122.0 
0.0017814 6508.5 5273.6 4280.0 3498.8 2889.1 2412.3 2036.8 1738.1 1497.9 1302.7 1142.2 
0.0018174 6625.2 5368.1 4356.8 3561.5 2940.9 2455.6 2073.4 1769.3 1524.8 1326.0 1162.7 
0.0018541 6743.7 5464.2 4434.7 3625.2 2993.5 2499.5 2110.5 1801.0 1552.1 1349.7 1183.5 
0.0018916 6864.0 5561.6 4513.8 3689.9 3046.9 2544.1 2148.1 1833.1 1579.8 1373.8 1204.6 
0.0019298 6986.1 5660.6 4594.2 3755.6 3101.2 2589.4 2186.4 1865.7 1607.9 1398.3 1226.0 
0.0019688 7110.1 5761.1 4675.7 3822.3 3156.2 2635.4 2225.2 1898.9 1636.5 1423.1 1247.8 
0.0020086 7236.0 5863.1 4758.5 3889.9 3212.1 2682.0 2264.6 1932.5 1665.4 1448.3 1269.9 
0.0020491 7363.8 5966.6 4842.5 3958.6 3268.8 2729.4 2304.6 1966.6 1694.9 1473.9 1292.3 
0.0020905 7493.4 6071.7 4927.8 4028.3 3326.4 2777.5 2345.1 2001.2 1724.7 1499.9 1315.1 
0.0021328 7625.0 6178.3 5014.3 4099.0 3384.8 2826.2 2386.3 2036.4 1755.0 1526.2 1338.2 
0.0021758 7758.4 6286.4 5102.0 4170.8 3444.0 2875.7 2428.1 2072.0 1785.7 1552.9 1361.6 
0.0022198 7893.8 6396.1 5191.1 4243.6 3504.1 2925.9 2470.5 2108.2 1816.9 1580.0 1385.4 
0.0022646 8031.2 6507.4 5281.4 4317.4 3565.1 2976.8 2513.5 2144.9 1848.5 1607.5 1409.5 
0.0023104 8170.4 6620.2 5373.0 4392.3 3626.9 3028.4 2557.1 2182.1 1880.6 1635.4 1434.0 
0.0023571 8311.7 6734.7 5465.9 4468.2 3689.6 3080.8 2601.3 2219.8 1913.1 1663.7 1458.8 
0.0024047 8454.9 6850.7 5560.0 4545.2 3753.2 3133.9 2646.1 2258.1 1946.1 1692.4 1483.9 
0.0024533 8600.0 6968.3 5655.5 4623.2 3817.6 3187.7 2691.5 2296.8 1979.5 1721.4 1509.4 
0.0025028 8747.1 7087.5 5752.3 4702.3 3883.0 3242.2 2737.6 2336.1 2013.3 1750.9 1535.2 
0.0025534 8896.2 7208.3 5850.3 4782.5 3949.2 3297.5 2784.2 2376.0 2047.7 1780.7 1561.4 
0.002605 9047.3 7330.8 5949.7 4863.7 4016.2 3353.5 2831.5 2416.3 2082.5 1811.0 1587.9 
0.0026576 9200.4 7454.8 6050.3 4946.0 4084.2 3410.3 2879.4 2457.2 2117.7 1841.6 1614.8 
0.0027113 9355.5 7580.4 6152.3 5029.4 4153.0 3467.7 2928.0 2498.6 2153.4 1872.7 1642.0 
0.002766 9512.5 7707.7 6255.6 5113.8 4222.7 3526.0 2977.1 2540.6 2189.6 1904.1 1669.6 
0.0028219 9671.5 7836.5 6360.2 5199.3 4293.3 3584.9 3026.9 2583.1 2226.2 1936.0 1697.5 
0.0028789 9832.6 7967.0 6466.1 5285.9 4364.8 3644.6 3077.3 2626.1 2263.2 1968.2 1725.8 
0.0029371 9995.6 8099.1 6573.3 5373.5 4437.2 3705.0 3128.3 2669.6 2300.8 2000.9 1754.4 
0.0029964 10161.0 8232.8 6681.8 5462.2 4510.4 3766.2 3180.0 2713.7 2338.7 2033.9 1783.4 
0.0030569 10328.0 8368.1 6791.6 5552.0 4584.6 3828.1 3232.2 2758.3 2377.2 2067.3 1812.7 
0.0031187 10496.0 8504.9 6902.7 5642.8 4659.6 3890.7 3285.1 2803.4 2416.1 2101.1 1842.3 
0.0031817 10667.0 8643.4 7015.0 5734.7 4735.4 3954.0 3338.6 2849.1 2455.4 2135.3 1872.3 
0.003246 10840.0 8783.4 7128.7 5827.6 4812.1 4018.1 3392.7 2895.2 2495.2 2169.9 1902.7 
0.0033115 11015.0 8925.0 7243.6 5921.5 4889.7 4082.9 3447.4 2941.9 2535.4 2204.9 1933.3 
0.0033784 11192.0 9068.1 7359.8 6016.5 4968.1 4148.4 3502.7 2989.1 2576.1 2240.3 1964.3 
0.0034467 11370.0 9212.8 7477.2 6112.4 5047.4 4214.5 3558.6 3036.8 2617.2 2276.0 1995.7 
0.0035163 11550.0 9359.0 7595.8 6209.4 5127.5 4281.4 3615.0 3085.0 2658.7 2312.2 2027.4 
0.0035874 11733.0 9506.7 7715.7 6307.4 5208.4 4349.0 3672.1 3133.7 2700.7 2348.6 2059.4 
0.0036598 11917.0 9655.9 7836.7 6406.4 5290.1 4417.2 3729.7 3182.8 2743.1 2385.5 2091.7 
0.0037338 12103.0 9806.5 7959.0 6506.3 5372.7 4486.1 3787.9 3232.5 2785.9 2422.7 2124.3 
0.0038092 12290.0 9958.6 8082.4 6607.3 5456.0 4555.7 3846.6 3282.6 2829.1 2460.3 2157.3 
0.0038861 12480.0 10112.0 8207.0 6709.1 5540.1 4625.9 3905.9 3333.2 2872.7 2498.2 2190.5 
0.0039646 12671.0 10267.0 8332.7 6811.9 5624.9 4696.8 3965.8 3384.3 2916.7 2536.5 2224.1 
0.0040447 12864.0 10423.0 8459.6 6915.6 5710.6 4768.3 4026.1 3435.8 2961.1 2575.1 2257.9 
0.0041264 13058.0 10581.0 8587.5 7020.1 5796.9 4840.4 4087.0 3487.8 3005.9 2614.1 2292.1 
0.0042098 13255.0 10740.0 8716.5 7125.6 5884.0 4913.1 4148.4 3540.2 3051.0 2653.3 2326.5 
0.0042948 13452.0 10900.0 8846.5 7231.9 5971.8 4986.4 4210.3 3593.0 3096.5 2692.9 2361.2 
0.0043816 13652.0 11061.0 8977.5 7339.0 6060.2 5060.3 4272.7 3646.2 3142.4 2732.8 2396.2 
0.0044701 13852.0 11224.0 9109.5 7446.9 6149.3 5134.7 4335.5 3699.8 3188.6 2773.0 2431.4 
0.0045604 14054.0 11388.0 9242.5 7555.6 6239.1 5209.6 4398.8 3753.8 3235.1 2813.5 2466.9 
0.0046525 14258.0 11553.0 9376.3 7665.0 6329.4 5285.1 4462.5 3808.2 3282.0 2854.2 2502.6 
0.0047465 14463.0 11719.0 9511.0 7775.1 6420.4 5361.0 4526.6 3862.9 3329.2 2895.2 2538.6 
0.0048424 14669.0 11886.0 9646.6 7885.9 6511.9 5437.4 4591.1 3917.9 3376.6 2936.5 2574.8 
0.0049402 14876.0 12054.0 9782.9 7997.4 6603.9 5514.3 4656.0 3973.3 3424.3 2978.0 2611.2 
0.00504 15085.0 12223.0 9920.0 8109.5 6696.5 5591.5 4721.2 4029.0 3472.3 3019.7 2647.8 
0.0051419 15294.0 12392.0 10058.0 8222.1 6789.5 5669.2 4786.8 4085.0 3520.6 3061.7 2684.6 
0.0052457 15505.0 12563.0 10196.0 8335.3 6882.9 5747.2 4852.7 4141.2 3569.0 3103.8 2721.5 
0.0053517 15716.0 12734.0 10335.0 8449.0 6976.8 5825.6 4918.9 4197.7 3617.7 3146.2 2758.6 
0.0054598 15929.0 12906.0 10475.0 8563.1 7071.1 5904.3 4985.4 4254.4 3666.6 3188.7 2795.9 
0.0055701 16142.0 13079.0 10615.0 8677.7 7165.6 5983.3 5052.0 4311.3 3715.6 3231.3 2833.3 
0.0056826 16355.0 13252.0 10756.0 8792.6 7260.5 6062.5 5118.9 4368.4 3764.8 3274.1 2870.8 
0.0057974 16570.0 13426.0 10897.0 8907.8 7355.7 6142.0 5186.0 4425.6 3814.2 3317.0 2908.5 
0.0059145 16784.0 13600.0 11038.0 9023.3 7451.0 6221.6 5253.3 4483.0 3863.6 3360.0 2946.2 
0.006034 17000.0 13774.0 11179.0 9138.9 7546.6 6301.4 5320.6 4540.5 3913.2 3403.1 2983.9 
0.0061559 17215.0 13949.0 11321.0 9254.8 7642.2 6381.3 5388.1 4598.0 3962.8 3446.2 3021.8 
0.0062803 17431.0 14124.0 11463.0 9370.7 7738.0 6461.2 5455.6 4655.7 4012.4 3489.4 3059.6 
0.0064072 17647.0 14298.0 11605.0 9486.7 7833.7 6541.2 5523.1 4713.3 4062.1 3532.6 3097.5 
0.0065366 17862.0 14473.0 11747.0 9602.7 7929.5 6621.1 5590.6 4770.9 4111.7 3575.8 3135.4 
0.0066686 18078.0 14648.0 11888.0 9718.6 8025.2 6701.0 5658.1 4828.5 4161.3 3618.9 3173.2 
0.0068033 18293.0 14822.0 12030.0 9834.3 8120.7 6780.8 5725.4 4886.0 4210.9 3662.0 3211.0 
0.0069408 18508.0 14996.0 12171.0 9949.8 8216.1 6860.5 5792.7 4943.3 4260.4 3705.1 3248.7 
0.007081 18722.0 15170.0 12312.0 10065.0 8311.3 6939.9 5859.8 5000.6 4309.7 3748.0 3286.3 
0.007224 18936.0 15343.0 12453.0 10180.0 8406.1 7019.1 5926.6 5057.6 4358.9 3790.7 3323.8 
0.00737 19149.0 15516.0 12593.0 10294.0 8500.6 7098.0 5993.2 5114.5 4407.9 3833.3 3361.2 
0.0075189 19360.0 15687.0 12732.0 10408.0 8594.6 7176.5 6059.5 5171.1 4456.6 3875.7 3398.4 
0.0076708 19571.0 15858.0 12870.0 10521.0 8688.1 7254.6 6125.5 5227.3 4505.1 3917.9 3435.3 
0.0078257 19780.0 16028.0 13008.0 10634.0 8781.1 7332.2 6191.0 5283.3 4553.3 3959.8 3472.1 
0.0079838 19988.0 16196.0 13145.0 10746.0 8873.4 7409.3 6256.1 5338.8 4601.2 4001.5 3508.6 
0.0081451 20195.0 16363.0 13281.0 10857.0 8965.0 7485.8 6320.7 5393.9 4648.7 4042.8 3544.8 
0.0083096 20399.0 16529.0 13415.0 10967.0 9055.8 7561.6 6384.7 5448.6 4695.8 4083.7 3580.7 
0.0084775 20602.0 16693.0 13548.0 11076.0 9145.8 7636.7 6448.1 5502.7 4742.4 4124.3 3616.3 
0.0086488 20802.0 16856.0 13680.0 11183.0 9234.7 7711.0 6510.9 5556.2 4788.6 4164.4 3651.5 
0.0088235 21001.0 17016.0 13810.0 11290.0 9322.7 7784.5 6572.9 5609.1 4834.2 4204.1 3686.3 
0.0090017 21196.0 17175.0 13939.0 11395.0 9409.5 7857.0 6634.1 5661.4 4879.2 4243.2 3720.6 
0.0091836 21389.0 17331.0 14066.0 11499.0 9495.2 7928.5 6694.5 5712.9 4923.6 4281.9 3754.5 
0.0093691 21579.0 17485.0 14191.0 11601.0 9579.5 7998.9 6753.9 5763.7 4967.3 4319.9 3787.8 
0.0095583 21766.0 17636.0 14314.0 11701.0 9662.4 8068.1 6812.4 5813.6 5010.3 4357.3 3820.6 
0.0097514 21949.0 17785.0 14434.0 11800.0 9743.9 8136.1 6869.8 5862.6 5052.6 4394.0 3852.8 
0.0099484 22129.0 17931.0 14553.0 11897.0 9823.8 8202.8 6926.1 5910.6 5094.0 4430.0 3884.4 
0.010149 22305.0 18073.0 14669.0 11991.0 9901.9 8268.1 6981.3 5957.7 5134.5 4465.3 3915.3 
0.010354 22477.0 18213.0 14782.0 12084.0 9978.3 8331.9 7035.1 6003.6 5174.2 4499.8 3945.5 
0.010564 22645.0 18349.0 14892.0 12174.0 10053.0 8394.1 7087.7 6048.5 5212.8 4533.4 3975.0 
0.010777 22809.0 18481.0 15000.0 12262.0 10125.0 8454.7 7138.8 6092.1 5250.4 4566.1 4003.7 
0.010995 22967.0 18610.0 15104.0 12347.0 10196.0 8513.5 7188.5 6134.5 5286.9 4597.8 4031.5 
0.011217 23121.0 18734.0 15205.0 12430.0 10264.0 8570.5 7236.6 6175.5 5322.3 4628.6 4058.5 
0.011443 23269.0 18855.0 15303.0 12510.0 10330.0 8625.5 7283.0 6215.2 5356.5 4658.3 4084.6 
0.011675 23412.0 18970.0 15397.0 12586.0 10393.0 8678.5 7327.8 6253.4 5389.4 4686.9 4109.6 
0.01191 23550.0 19082.0 15487.0 12660.0 10454.0 8729.4 7370.7 6290.0 5421.0 4714.4 4133.7 
0.012151 23681.0 19188.0 15573.0 12731.0 10513.0 8778.0 7411.8 6325.1 5451.2 4740.7 4156.8 
0.012397 23806.0 19289.0 15655.0 12798.0 10568.0 8824.3 7450.9 6358.4 5479.9 4765.7 4178.7 
0.012647 23924.0 19385.0 15733.0 12862.0 10621.0 8868.2 7488.0 6390.1 5507.2 4789.4 4199.5 
0.012902 24036.0 19476.0 15807.0 12922.0 10670.0 8909.6 7522.9 6419.9 5532.9 4811.7 4219.1 
0.013163 24140.0 19560.0 15875.0 12978.0 10717.0 8948.3 7555.6 6447.8 5557.0 4832.7 4237.4 
0.013429 24238.0 19639.0 15939.0 13030.0 10760.0 8984.4 7586.0 6473.8 5579.3 4852.1 4254.5 
0.0137 24327.0 19712.0 15998.0 13078.0 10799.0 9017.6 7614.1 6497.7 5600.0 4870.0 4270.2 
0.013977 24409.0 19778.0 16052.0 13122.0 10836.0 9047.8 7639.6 6519.5 5618.8 4886.4 4284.6 
0.014259 24482.0 19837.0 16100.0 13162.0 10868.0 9075.1 7662.6 6539.1 5635.7 4901.1 4297.5 
0.014547 24547.0 19890.0 16143.0 13197.0 10897.0 9099.2 7683.0 6556.5 5650.7 4914.2 4308.9 
0.014841 24604.0 19936.0 16180.0 13227.0 10922.0 9120.1 7700.7 6571.6 5663.6 4925.4 4318.8 
0.015141 24651.0 19974.0 16211.0 13252.0 10943.0 9137.7 7715.5 6584.2 5674.6 4934.9 4327.1 
0.015447 24689.0 20005.0 16236.0 13273.0 10960.0 9151.9 7727.5 6594.4 5683.3 4942.6 4333.8 
0.015759 24718.0 20028.0 16255.0 13288.0 10973.0 9162.5 7736.4 6602.1 5690.0 4948.3 4338.9 
0.016077 24737.0 20044.0 16268.0 13299.0 10981.0 9169.5 7742.4 6607.2 5694.3 4952.1 4342.2 
0.016402 24746.0 20051.0 16274.0 13303.0 10985.0 9172.8 7745.2 6609.6 5696.4 4953.9 4343.8 
0.016734 24745.0 20050.0 16273.0 13303.0 10985.0 9172.4 7744.8 6609.2 5696.1 4953.7 4343.5 
0.017072 24733.0 20041.0 16265.0 13296.0 10980.0 9168.1 7741.1 6606.1 5693.4 4951.3 4341.5 
0.017416 24711.0 20022.0 16250.0 13284.0 10970.0 9159.8 7734.2 6600.2 5688.3 4946.9 4337.6 
0.017768 24678.0 19996.0 16229.0 13267.0 10955.0 9147.5 7723.8 6591.3 5680.6 4940.2 4331.7 
0.018127 24633.0 19960.0 16199.0 13243.0 10935.0 9131.1 7709.9 6579.5 5670.5 4931.4 4324.0 
0.018493 24578.0 19915.0 16163.0 13213.0 10911.0 9110.5 7692.6 6564.7 5657.7 4920.3 4314.3 
0.018867 24511.0 19861.0 16119.0 13177.0 10881.0 9085.8 7671.7 6546.8 5642.3 4906.9 4302.5 
0.019248 24433.0 19797.0 16068.0 13135.0 10846.0 9056.7 7647.1 6525.9 5624.3 4891.2 4288.8 
0.019637 24343.0 19724.0 16008.0 13087.0 10806.0 9023.4 7619.0 6501.9 5603.6 4873.2 4273.0 
0.020034 24241.0 19642.0 15942.0 13032.0 10761.0 8985.7 7587.2 6474.7 5580.2 4852.9 4255.1 
0.020438 24128.0 19550.0 15867.0 12971.0 10711.0 8943.7 7551.7 6444.4 5554.1 4830.2 4235.2 
0.020851 24003.0 19449.0 15785.0 12904.0 10655.0 8897.3 7512.5 6411.0 5525.2 4805.1 4213.3 
0.021272 23865.0 19338.0 15695.0 12830.0 10595.0 8846.4 7469.6 6374.4 5493.7 4777.6 4189.2 
0.021702 23717.0 19217.0 15597.0 12750.0 10528.0 8791.2 7423.0 6334.6 5459.4 4747.8 4163.1 
0.022141 23556.0 19087.0 15491.0 12664.0 10457.0 8731.7 7372.7 6291.7 5422.4 4715.7 4134.9 
0.022588 23383.0 18947.0 15378.0 12571.0 10381.0 8667.8 7318.7 6245.7 5382.8 4681.2 4104.6 
0.023044 23200.0 18798.0 15257.0 12472.0 10299.0 8599.6 7261.2 6196.5 5340.4 4644.3 4072.3 
0.02351 23004.0 18640.0 15128.0 12367.0 10212.0 8527.2 7200.0 6144.4 5295.4 4605.2 4038.0 
0.023985 22798.0 18472.0 14992.0 12256.0 10120.0 8450.6 7135.4 6089.2 5247.9 4563.9 4001.8 
0.024469 22580.0 18296.0 14849.0 12139.0 10024.0 8370.0 7067.3 6031.1 5197.8 4520.3 3963.6 
0.024964 22352.0 18111.0 14699.0 12016.0 9922.6 8285.3 6995.8 5970.1 5145.2 4474.6 3923.5 
0.025468 22113.0 17918.0 14542.0 11888.0 9816.6 8196.9 6921.1 5906.3 5090.3 4426.8 3881.6 
0.025982 21864.0 17716.0 14379.0 11754.0 9706.2 8104.7 6843.3 5839.9 5033.0 4377.0 3837.9 
0.026507 21606.0 17507.0 14209.0 11615.0 9591.5 8008.9 6762.4 5770.9 4973.6 4325.3 3792.6 
0.027043 21338.0 17290.0 14033.0 11471.0 9472.7 7909.7 6678.6 5699.4 4912.0 4271.7 3745.6 
0.027589 21062.0 17066.0 13851.0 11323.0 9350.1 7807.3 6592.2 5625.6 4848.4 4216.4 3697.1 
0.028146 20778.0 16836.0 13664.0 11170.0 9223.8 7701.9 6503.2 5549.7 4782.9 4159.5 3647.2 
0.028715 20486.0 16599.0 13472.0 11013.0 9094.2 7593.7 6411.8 5471.7 4715.7 4101.1 3596.0 
0.029295 20187.0 16357.0 13275.0 10852.0 8961.5 7482.9 6318.3 5391.9 4646.9 4041.2 3543.5 
0.029887 19882.0 16110.0 13075.0 10688.0 8826.1 7369.8 6222.8 5310.4 4576.7 3980.2 3489.9 
0.03049 19571.0 15858.0 12871.0 10521.0 8688.2 7254.7 6125.5 5227.4 4505.2 3918.0 3435.4 
0.031106 19256.0 15602.0 12663.0 10352.0 8548.2 7137.8 6026.8 5143.2 4432.6 3854.8 3380.1 
0.031735 18936.0 15344.0 12453.0 10180.0 8406.4 7019.4 5926.9 5057.9 4359.1 3790.9 3324.0 
0.032376 18614.0 15082.0 12241.0 10007.0 8263.3 6899.8 5825.9 4971.7 4284.8 3726.3 3267.4 
0.03303 18289.0 14819.0 12027.0 9832.2 8119.1 6779.4 5724.3 4885.0 4210.1 3661.3 3210.4 
0.033697 17963.0 14555.0 11813.0 9656.9 7974.3 6658.5 5622.2 4797.9 4135.0 3596.0 3153.1 
0.034378 17636.0 14290.0 11598.0 9481.2 7829.2 6537.4 5519.9 4710.6 4059.8 3530.6 3095.8 
0.035072 17310.0 14026.0 11383.0 9305.8 7684.4 6416.5 5417.8 4623.4 3984.7 3465.3 3038.5 
0.035781 16985.0 13763.0 11170.0 9131.2 7540.2 6296.0 5316.1 4536.7 3909.9 3400.3 2981.5 
0.036504 16662.0 13501.0 10957.0 8957.5 7396.8 6176.3 5215.0 4450.4 3835.5 3335.6 2924.8 
0.037241 16341.0 13241.0 10746.0 8784.9 7254.2 6057.3 5114.5 4364.6 3761.6 3271.3 2868.4 
0.037993 16022.0 12982.0 10536.0 8613.2 7112.4 5938.9 5014.6 4279.3 3688.1 3207.4 2812.3 
0.038761 15706.0 12726.0 10328.0 8443.3 6972.1 5821.8 4915.7 4194.9 3615.3 3144.1 2756.9 
0.039544 15395.0 12474.0 10124.0 8276.5 6834.4 5706.7 4818.5 4112.0 3543.9 3082.0 2702.4 
0.040343 15092.0 12228.0 9924.7 8113.3 6699.6 5594.2 4723.5 4030.9 3474.0 3021.2 2649.1 
0.041158 14796.0 11988.0 9729.9 7954.1 6568.2 5484.4 4630.8 3951.8 3405.9 2961.9 2597.1 
0.041989 14508.0 11755.0 9540.6 7799.3 6440.4 5377.7 4540.7 3875.0 3339.6 2904.3 2546.6 
0.042838 14229.0 11529.0 9357.3 7649.5 6316.6 5274.4 4453.5 3800.5 3275.4 2848.5 2497.7 
0.043703 13960.0 11311.0 9180.4 7504.8 6197.2 5174.7 4369.3 3728.6 3213.5 2794.6 2450.4 
0.044586 13701.0 11101.0 9010.0 7365.6 6082.2 5078.6 4288.2 3659.5 3153.9 2742.8 2405.0 
0.045486 13452.0 10900.0 8846.5 7231.9 5971.8 4986.4 4210.4 3593.0 3096.6 2693.0 2361.3 
0.046405 13214.0 10707.0 8689.8 7103.8 5866.0 4898.1 4135.8 3529.4 3041.8 2645.3 2319.5 
0.047343 12986.0 10522.0 8539.9 6981.2 5764.8 4813.6 4064.4 3468.5 2989.3 2599.7 2279.5 
0.048299 12768.0 10346.0 8396.7 6864.2 5668.1 4732.9 3996.3 3410.3 2939.2 2556.1 2241.3 
0.049275 12560.0 10177.0 8259.9 6752.3 5575.8 4655.8 3931.2 3354.8 2891.3 2514.4 2204.7 
0.05027 12361.0 10016.0 8129.2 6645.5 5487.6 4582.1 3869.0 3301.7 2845.5 2474.7 2169.9 
0.051286 12171.0 9862.2 8004.2 6543.3 5403.2 4511.7 3809.5 3250.9 2801.8 2436.6 2136.5 
0.052322 11989.0 9714.6 7884.5 6445.5 5322.4 4444.2 3752.5 3202.3 2759.9 2400.2 2104.5 
0.053379 11814.0 9572.9 7769.5 6351.4 5244.8 4379.4 3697.8 3155.6 2719.6 2365.1 2073.8 
0.054457 11646.0 9436.6 7658.8 6261.0 5170.0 4317.0 3645.1 3110.7 2680.9 2331.5 2044.3 
0.055557 11484.0 9304.9 7552.0 6173.6 5097.9 4256.8 3594.3 3067.3 2643.5 2298.9 2015.8 
0.05668 11326.0 9177.2 7448.3 6088.9 5028.0 4198.3 3544.9 3025.2 2607.2 2267.4 1988.1 
0.057825 11175.0 9054.8 7348.9 6007.6 4960.9 4142.3 3497.6 2984.8 2572.4 2237.1 1961.6 
0.058993 11033.0 8940.1 7255.9 5931.6 4898.1 4089.9 3453.3 2947.0 2539.8 2208.8 1936.8 
0.060184 10896.0 8829.0 7165.7 5857.8 4837.2 4039.0 3410.4 2910.4 2508.3 2181.3 1912.7 
0.0614 10755.0 8714.8 7073.0 5782.1 4774.6 3986.8 3366.3 2872.7 2475.8 2153.1 1887.9 
0.062641 10608.0 8595.7 6976.4 5703.1 4709.4 3932.3 3320.3 2833.5 2442.0 2123.7 1862.1 
0.063906 10458.0 8473.6 6877.2 5622.0 4642.4 3876.5 3273.1 2793.2 2407.3 2093.5 1835.7 
0.065197 10304.0 8348.7 6775.9 5539.2 4574.0 3819.3 3224.9 2752.0 2371.8 2062.7 1808.6 
0.066514 10144.0 8219.1 6670.7 5453.2 4503.0 3760.0 3174.8 2709.3 2335.0 2030.7 1780.6 
0.067858 9975.9 8083.2 6560.4 5363.1 4428.6 3697.9 3122.3 2664.5 2296.4 1997.1 1751.1 
0.069229 9799.4 7940.2 6444.3 5268.2 4350.2 3632.5 3067.1 2617.4 2255.8 1961.8 1720.1 
0.070627 9613.2 7789.3 6321.9 5168.0 4267.6 3563.4 3008.8 2567.7 2212.9 1924.5 1687.4 
0.072054 9416.4 7629.9 6192.5 5062.3 4180.2 3490.5 2947.2 2515.1 2167.6 1885.1 1652.9 
0.07351 9208.7 7461.5 6055.8 4950.6 4088.0 3413.5 2882.2 2459.6 2119.8 1843.5 1616.4 
0.074994 8989.9 7284.3 5912.0 4833.0 3990.9 3332.4 2813.7 2401.2 2069.4 1799.7 1578.0 
0.076509 8760.6 7098.5 5761.2 4709.7 3889.1 3247.4 2742.0 2339.9 2016.6 1753.8 1537.8 
0.078055 8521.6 6904.8 5604.0 4581.2 3783.0 3158.8 2667.1 2276.1 1961.6 1705.9 1495.8 
0.079632 8274.0 6704.2 5441.2 4448.1 3673.1 3067.0 2589.7 2210.0 1904.6 1656.4 1452.4 
0.081241 8019.6 6498.0 5273.9 4311.3 3560.1 2972.7 2510.0 2142.0 1846.1 1605.4 1407.7 
0.082882 7760.1 6287.8 5103.3 4171.8 3444.9 2876.5 2428.8 2072.7 1786.3 1553.5 1362.2 
0.084556 7497.8 6075.3 4930.8 4030.8 3328.5 2779.3 2346.7 2002.7 1726.0 1501.0 1316.1 
0.086264 7235.0 5862.3 4757.9 3889.5 3211.8 2681.9 2264.5 1932.4 1665.5 1448.4 1270.0 
0.088007 6973.9 5650.8 4586.2 3749.2 3095.9 2585.1 2182.8 1862.7 1605.4 1396.1 1224.2 
0.089785 6717.2 5442.7 4417.4 3611.1 2981.9 2489.9 2102.4 1794.1 1546.3 1344.7 1179.1 
0.091598 6467.2 5240.2 4253.0 3476.8 2871.0 2397.3 2024.1 1727.4 1488.7 1294.7 1135.2 
0.093449 6226.3 5045.0 4094.6 3347.3 2764.0 2308.0 1948.8 1663.0 1433.3 1246.5 1092.9 
0.095337 5996.9 4859.2 3943.7 3223.9 2662.2 2222.9 1877.0 1601.8 1380.5 1200.5 1052.7 
0.097263 5781.0 4684.2 3801.7 3107.9 2566.4 2142.9 1809.4 1544.1 1330.8 1157.3 1014.8 
0.099227 5580.3 4521.6 3669.8 3000.0 2477.3 2068.5 1746.6 1490.5 1284.6 1117.1 979.54 
0.10123 5396.1 4372.3 3548.6 2900.9 2395.5 2000.2 1688.9 1441.3 1242.1 1080.2 947.2 
0.10328 5229.0 4236.9 3438.7 2811.1 2321.3 1938.3 1636.6 1396.6 1203.7 1046.8 917.86 
0.10536 5079.0 4115.4 3340.1 2730.5 2254.7 1882.7 1589.7 1356.6 1169.2 1016.8 891.54 
0.10749 4945.6 4007.3 3252.3 2658.7 2195.5 1833.2 1547.9 1320.9 1138.4 990.06 868.12 
0.10966 4827.4 3911.5 3174.6 2595.2 2143.0 1789.4 1510.9 1289.4 1111.2 966.4 847.37 
0.11188 4722.7 3826.7 3105.8 2538.9 2096.5 1750.6 1478.2 1261.4 1087.1 945.45 829.0 
0.11414 4629.3 3751.0 3044.3 2488.7 2055.1 1716.0 1448.9 1236.5 1065.6 926.74 812.6 
0.11644 4544.5 3682.3 2988.6 2443.1 2017.4 1684.6 1422.4 1213.8 1046.1 909.78 797.72 
0.1188 4465.5 3618.3 2936.6 2400.7 1982.4 1655.3 1397.7 1192.7 1027.9 893.96 783.86 
0.1212 4389.1 3556.4 2886.4 2359.6 1948.4 1627.0 1373.7 1172.3 1010.3 878.66 770.44 
0.12365 4311.8 3493.7 2835.6 2318.0 1914.1 1598.3 1349.5 1151.7 992.56 863.19 756.87 
0.12614 4230.2 3427.6 2781.9 2274.1 1877.9 1568.0 1324.0 1129.9 973.76 846.84 742.54 
0.12869 4140.8 3355.2 2723.1 2226.1 1838.2 1534.9 1296.0 1106.0 953.2 828.96 726.86 
0.13129 4041.2 3274.5 2657.6 2172.6 1794.0 1498.0 1264.9 1079.4 930.27 809.02 709.38 
0.13394 3929.9 3184.3 2584.4 2112.7 1744.6 1456.7 1230.0 1049.7 904.63 786.72 689.83 
0.13665 3806.6 3084.4 2503.3 2046.4 1689.9 1411.0 1191.4 1016.7 876.27 762.05 668.19 
0.13941 3673.0 2976.1 2415.4 1974.6 1630.5 1361.5 1149.6 981.04 845.5 735.3 644.73 
0.14223 3531.5 2861.5 2322.4 1898.5 1567.7 1309.1 1105.3 943.26 812.94 706.98 619.9 
0.1451 3385.6 2743.3 2226.5 1820.1 1503.0 1255.0 1059.6 904.28 779.35 677.77 594.29 
0.14803 3238.7 2624.2 2129.9 1741.1 1437.8 1200.5 1013.7 865.05 745.53 648.36 568.5 
0.15102 3094.2 2507.2 2034.8 1663.5 1373.6 1147.0 968.46 826.46 712.28 619.44 543.14 
0.15407 2955.3 2394.6 1943.5 1588.8 1311.9 1095.5 924.98 789.35 680.3 591.63 518.76 
0.15718 2824.9 2289.0 1857.7 1518.7 1254.1 1047.1 884.17 754.53 650.28 565.52 495.87 
0.16036 2705.8 2192.4 1779.4 1454.6 1201.2 1003.0 846.88 722.71 622.86 541.68 474.96 
0.1636 2600.1 2106.8 1709.9 1397.8 1154.3 963.82 813.81 694.49 598.54 520.53 456.41 
0.1669 2509.0 2033.0 1650.0 1348.9 1113.8 930.05 785.3 670.16 577.57 502.29 440.42 
0.17028 2432.1 1970.6 1599.4 1307.5 1079.7 901.52 761.21 649.6 559.85 486.88 426.91 
0.17371 2367.3 1918.1 1556.8 1272.6 1050.9 877.5 740.93 632.29 544.93 473.91 415.54 
0.17722 2311.4 1872.9 1520.1 1242.6 1026.1 856.8 723.45 617.38 532.08 462.73 405.73 
0.1808 2260.8 1831.9 1486.7 1215.4 1003.6 838.03 707.6 603.85 520.42 452.59 396.85 
0.18446 2211.7 1792.0 1454.4 1189.0 981.82 819.82 692.22 590.73 509.11 442.75 388.22 
0.18818 2160.8 1750.8 1421.0 1161.6 959.23 800.95 676.29 577.14 497.4 432.57 379.29 
0.19198 2105.3 1705.9 1384.5 1131.8 934.62 780.41 658.95 562.33 484.64 421.47 369.56 
0.19586 2043.3 1655.7 1343.8 1098.5 907.1 757.43 639.54 545.77 470.37 409.06 358.68 
0.19982 1973.9 1599.4 1298.1 1061.2 876.26 731.68 617.8 527.22 454.38 395.15 346.48 
0.20386 1897.5 1537.5 1247.9 1020.1 842.37 703.38 593.91 506.83 436.8 379.87 333.08 
0.20797 1816.5 1471.9 1194.6 976.56 806.41 673.35 568.55 485.19 418.15 363.65 318.86 
0.21218 1734.0 1405.0 1140.3 932.21 769.78 642.77 542.73 463.15 399.16 347.13 304.38 
0.21646 1653.5 1339.8 1087.4 888.92 734.04 612.92 517.53 441.65 380.63 331.02 290.25 
0.22083 1578.1 1278.7 1037.8 848.38 700.56 584.97 493.93 421.51 363.27 315.92 277.01 
0.2253 1510.2 1223.6 993.11 811.86 670.4 559.78 472.66 403.36 347.63 302.32 265.08 
0.22985 1451.1 1175.8 954.3 780.13 644.2 537.91 454.19 387.59 334.04 290.5 254.72 
0.23449 1400.8 1135.1 921.22 753.08 621.87 519.26 438.44 374.16 322.46 280.43 245.89 
0.23923 1358.1 1100.5 893.15 730.14 602.92 503.44 425.08 362.76 312.64 271.89 238.4 
0.24406 1320.2 1069.7 868.21 709.75 586.08 489.38 413.21 352.63 303.91 264.3 231.74 
0.24899 1284.1 1040.5 844.44 690.32 570.04 475.98 401.9 342.97 295.59 257.06 225.4 
0.25402 1247.0 1010.4 820.05 670.38 553.57 462.23 390.29 333.07 287.05 249.64 218.89 
0.25915 1206.9 977.95 793.71 648.85 535.79 447.39 377.76 322.37 277.83 241.62 211.86 
0.26439 1163.3 942.56 764.99 625.37 516.4 431.2 364.09 310.7 267.78 232.87 204.19 
0.26973 1116.2 904.47 734.07 600.09 495.53 413.77 349.37 298.15 256.95 223.46 195.94 
0.27518 1067.6 865.07 702.1 573.96 473.95 395.75 334.16 285.16 245.76 213.73 187.41 
0.28074 1019.5 826.07 670.44 548.08 452.58 377.91 319.09 272.3 234.68 204.09 178.96 
0.28641 974.35 789.49 640.76 523.81 432.54 361.17 304.96 260.25 224.29 195.06 171.03 
0.29219 933.79 756.62 614.08 502.0 414.53 346.14 292.26 249.41 214.95 186.94 163.91 
0.2981 898.03 727.65 590.57 482.78 398.66 332.88 281.07 239.86 206.72 179.78 157.63 
0.30412 866.53 702.13 569.85 465.85 384.68 321.21 271.21 231.45 199.47 173.47 152.11 
0.31026 837.83 678.87 550.98 450.42 371.94 310.57 262.23 223.78 192.86 167.73 147.07 
0.31653 810.3 656.56 532.87 435.61 359.71 300.36 253.61 216.43 186.53 162.21 142.23 
0.32292 782.13 633.74 514.35 420.47 347.21 289.92 244.8 208.9 180.04 156.57 137.29 
0.32945 752.48 609.71 494.85 404.53 334.05 278.93 235.52 200.99 173.22 150.64 132.09 
0.3361 721.67 584.75 474.59 387.97 320.37 267.51 225.87 192.76 166.12 144.47 126.68 
0.34289 690.61 559.58 454.16 371.27 306.58 256.0 216.15 184.46 158.97 138.25 121.23 
0.34982 660.73 535.37 434.51 355.21 293.32 244.92 206.8 176.48 152.1 132.27 115.98 
0.35689 632.98 512.89 416.27 340.29 281.0 234.63 198.12 169.07 145.71 126.72 111.11 
0.36409 607.84 492.51 399.73 326.77 269.84 225.31 190.25 162.35 139.92 121.68 106.7 
0.37145 584.98 474.0 384.7 314.49 259.69 216.84 183.09 156.25 134.66 117.11 102.68 
0.37895 563.48 456.57 370.56 302.93 250.14 208.87 176.36 150.5 129.71 112.8 98.91 
0.38661 542.46 439.54 356.74 291.63 240.81 201.08 169.78 144.89 124.87 108.6 95.221 
0.39442 521.22 422.33 342.76 280.2 231.38 193.2 163.13 139.22 119.98 104.34 91.491 
0.40239 499.75 404.93 328.65 268.66 221.85 185.25 156.41 133.48 115.04 100.04 87.723 
0.41052 478.58 387.78 314.73 257.29 212.46 177.4 149.79 127.83 110.17 95.808 84.007 
0.41881 458.29 371.34 301.38 246.38 203.45 169.88 143.44 122.41 105.5 91.746 80.446 
0.42727 439.4 356.03 288.96 236.22 195.06 162.88 137.53 117.36 101.15 87.964 77.13 
0.4359 421.84 341.81 277.41 226.78 187.27 156.37 132.03 112.67 97.106 84.449 74.048 
0.44471 405.23 328.35 266.49 217.85 179.89 150.21 126.83 108.24 93.282 81.123 71.132 
0.45369 389.15 315.32 255.92 209.21 172.76 144.25 121.8 103.94 89.581 77.905 68.31 
0.46286 373.26 302.44 245.47 200.66 165.7 138.36 116.83 99.697 85.923 74.723 65.52 
0.47221 357.63 289.78 235.19 192.26 158.76 132.57 111.93 95.523 82.325 71.595 62.777 
0.48174 342.53 277.54 225.26 184.14 152.06 126.97 107.21 91.489 78.849 68.572 60.126 
0.49148 328.15 265.89 215.8 176.41 145.67 121.64 102.71 87.648 75.538 65.693 57.602 
0.50141 314.6 254.91 206.89 169.13 139.66 116.62 98.466 84.028 72.419 62.98 55.223 
0.51153 301.71 244.47 198.41 162.2 133.94 111.84 94.433 80.587 69.453 60.4 52.961 
0.52187 289.26 234.38 190.22 155.51 128.41 107.22 90.535 77.261 66.586 57.907 50.775 
0.53241 277.17 224.58 182.27 149.0 123.04 102.74 86.749 74.03 63.802 55.486 48.652 
0.54317 265.43 215.07 174.55 142.7 117.83 98.39 83.077 70.896 61.101 53.137 46.592 
0.55414 254.16 205.94 167.14 136.64 112.83 94.211 79.548 67.885 58.506 50.88 44.613 
0.56533 243.43 197.25 160.09 130.87 108.07 90.237 76.192 65.021 56.037 48.734 42.731 
0.57675 233.2 188.95 153.36 125.37 103.52 86.442 72.988 62.286 53.681 46.684 40.934 
0.5884 223.35 180.98 146.88 120.07 99.153 82.793 69.907 59.657 51.415 44.713 39.206 
0.60029 213.86 173.29 140.64 114.97 94.94 79.275 66.937 57.123 49.23 42.814 37.541 
0.61242 204.72 165.88 134.63 110.06 90.879 75.884 64.074 54.679 47.125 40.982 35.935 
0.62479 195.94 158.76 128.85 105.34 86.983 72.631 61.327 52.335 45.104 39.225 34.394 
0.63741 187.55 151.97 123.34 100.83 83.26 69.523 58.702 50.095 43.174 37.547 32.922 
0.65029 179.53 145.46 118.06 96.513 79.697 66.547 56.189 47.951 41.326 35.939 31.513 
0.66342 171.82 139.22 112.99 92.37 76.275 63.69 53.777 45.893 39.552 34.397 30.16 
0.67683 164.42 133.23 108.13 88.393 72.991 60.948 51.462 43.916 37.849 32.916 28.861 
0.6905 157.32 127.47 103.46 84.575 69.838 58.315 49.239 42.02 36.214 31.494 27.615 
0.70445 150.5 121.95 98.976 80.911 66.813 55.789 47.106 40.199 34.645 30.13 26.419 
0.71868 143.97 116.65 94.677 77.397 63.911 53.366 45.06 38.453 33.141 28.821 25.271 
0.7332 137.7 111.57 90.554 74.027 61.128 51.042 43.098 36.779 31.697 27.566 24.171 
0.74801 131.69 106.7 86.601 70.795 58.46 48.814 41.216 35.173 30.314 26.363 23.116 
0.76312 125.92 102.03 82.811 67.697 55.902 46.678 39.413 33.634 28.987 25.209 22.104 
0.77854 120.4 97.559 79.18 64.728 53.45 44.631 37.684 32.159 27.716 24.103 21.135 
0.79426 115.11 93.271 75.7 61.884 51.101 42.669 36.028 30.746 26.498 23.044 20.206 
0.81031 110.04 89.164 72.367 59.159 48.851 40.791 34.442 29.392 25.331 22.029 19.316 
0.82668 105.19 85.231 69.174 56.549 46.696 38.991 32.923 28.095 24.214 21.058 18.464 
0.84338 100.54 81.464 66.117 54.05 44.632 37.268 31.467 26.854 23.144 20.127 17.648 
0.86041 96.087 77.857 63.189 51.657 42.656 35.618 30.074 25.665 22.119 19.236 16.867 
0.8778 91.825 74.403 60.386 49.365 40.764 34.038 28.74 24.526 21.138 18.383 16.118 
0.89553 87.744 71.097 57.703 47.171 38.952 32.525 27.463 23.436 20.198 17.566 15.402 
0.91362 83.838 67.931 55.134 45.071 37.218 31.077 26.24 22.393 19.299 16.784 14.716 
0.93208 80.098 64.901 52.675 43.061 35.558 29.691 25.07 21.394 18.438 16.035 14.06 
0.95091 76.519 62.001 50.321 41.136 33.969 28.364 23.949 20.438 17.614 15.318 13.432 
0.97011 73.093 59.225 48.068 39.295 32.448 27.094 22.877 19.523 16.826 14.633 12.83 
0.98971 69.814 56.568 45.911 37.532 30.992 25.879 21.851 18.647 16.071 13.976 12.255 
1.0097 66.677 54.026 43.848 35.845 29.6 24.716 20.869 17.809 15.349 13.348 11.704 
1.0301 63.674 51.594 41.874 34.231 28.267 23.603 19.929 17.007 14.658 12.747 11.177 
1.0509 60.802 49.266 39.985 32.687 26.992 22.538 19.03 16.24 13.996 12.172 10.673 
1.0721 58.054 47.04 38.178 31.21 25.772 21.52 18.17 15.506 13.364 11.622 10.191 
1.0938 55.426 44.91 36.45 29.797 24.605 20.545 17.348 14.804 12.759 11.096 9.7292 
1.1159 52.912 42.874 34.797 28.446 23.489 19.614 16.561 14.133 12.18 10.593 9.288 
1.1384 50.508 40.926 33.216 27.153 22.422 18.723 15.809 13.491 11.627 10.111 8.866 
1.1614 48.21 39.063 31.704 25.918 21.402 17.87 15.089 12.877 11.098 9.6512 8.4625 
1.1849 46.012 37.282 30.259 24.736 20.426 17.056 14.401 12.29 10.592 9.2112 8.0767 
1.2088 43.911 35.58 28.877 23.606 19.493 16.277 13.744 11.728 10.108 8.7905 7.7078 
1.2333 41.902 33.952 27.556 22.527 18.602 15.532 13.115 11.192 9.6457 8.3884 7.3553 
1.2582 39.982 32.397 26.293 21.495 17.749 14.821 12.514 10.679 9.2037 8.0041 7.0183 
1.2836 38.148 30.91 25.087 20.508 16.935 14.141 11.94 10.189 8.7814 7.6368 6.6962 
1.3095 36.394 29.489 23.934 19.566 16.156 13.491 11.391 9.7208 8.3778 7.2858 6.3885 
1.336 34.719 28.132 22.832 18.665 15.413 12.87 10.867 9.2733 7.9921 6.9504 6.0944 
1.363 33.118 26.835 21.779 17.804 14.702 12.276 10.366 8.8458 7.6236 6.63 5.8134 
1.3905 31.589 25.596 20.774 16.982 14.023 11.709 9.8869 8.4373 7.2716 6.3238 5.5449 
1.4186 30.128 24.412 19.813 16.197 13.375 11.168 9.4297 8.0471 6.9353 6.0314 5.2885 
1.4472 28.733 23.281 18.895 15.447 12.755 10.651 8.9929 7.6744 6.6141 5.752 5.0436 
1.4765 27.4 22.201 18.019 14.73 12.164 10.157 8.5758 7.3184 6.3073 5.4852 4.8096 
1.5063 26.127 21.17 17.182 14.046 11.598 9.6847 8.1774 6.9784 6.0143 5.2304 4.5862 
1.5367 24.911 20.185 16.382 13.392 11.059 9.2342 7.797 6.6538 5.7345 4.987 4.3728 
1.5678 23.751 19.245 15.619 12.768 10.544 8.8039 7.4337 6.3438 5.4673 4.7547 4.1691 
1.5994 22.643 18.347 14.89 12.173 10.052 8.3932 7.0869 6.0478 5.2122 4.5328 3.9745 
1.6318 21.585 17.489 14.195 11.604 9.582 8.001 6.7557 5.7652 4.9687 4.321 3.7888 
1.6647 20.575 16.671 13.53 11.061 9.1337 7.6266 6.4396 5.4954 4.7362 4.1189 3.6116 
1.6984 19.611 15.89 12.896 10.543 8.7057 7.2693 6.1379 5.2379 4.5143 3.9259 3.4423 
1.7327 18.69 15.144 12.291 10.048 8.2972 6.9282 5.8499 4.9922 4.3025 3.7417 3.2808 
1.7677 17.812 14.433 11.714 9.5759 7.9074 6.6027 5.575 4.7576 4.1003 3.5659 3.1267 
1.8034 16.974 13.754 11.163 9.1254 7.5354 6.292 5.3127 4.5338 3.9074 3.3981 2.9796 
1.8398 16.175 13.106 10.637 8.6955 7.1804 5.9956 5.0625 4.3202 3.7233 3.238 2.8392 
1.877 15.412 12.488 10.135 8.2853 6.8416 5.7128 4.8236 4.1164 3.5477 3.0853 2.7053 
1.9149 14.684 11.898 9.6563 7.8939 6.5185 5.4429 4.5958 3.922 3.3801 2.9395 2.5775 
1.9536 13.989 11.335 9.1996 7.5206 6.2102 5.1855 4.3784 3.7365 3.2202 2.8005 2.4556 
1.993 13.327 10.798 8.764 7.1644 5.9161 4.9399 4.1711 3.5595 3.0677 2.6679 2.3393 
2.0333 12.695 10.286 8.3484 6.8247 5.6356 4.7057 3.9733 3.3907 2.9223 2.5414 2.2284 
2.0744 12.092 9.7979 7.952 6.5007 5.368 4.4823 3.7847 3.2298 2.7835 2.4207 2.1226 
2.1163 11.517 9.3321 7.574 6.1917 5.1128 4.2692 3.6048 3.0762 2.6512 2.3057 2.0217 
2.159 10.969 8.888 7.2136 5.897 4.8695 4.066 3.4332 2.9298 2.525 2.1959 1.9255 
2.2026 10.446 8.4644 6.8698 5.616 4.6375 3.8723 3.2696 2.7902 2.4047 2.0913 1.8337 
2.2471 9.948 8.0606 6.5421 5.348 4.4162 3.6875 3.1136 2.6571 2.29 1.9915 1.7462 
2.2925 9.4728 7.6756 6.2296 5.0926 4.2053 3.5114 2.9649 2.5302 2.1806 1.8964 1.6628 
2.3388 9.0198 7.3085 5.9316 4.849 4.0041 3.3435 2.8231 2.4092 2.0763 1.8057 1.5833 
2.3861 8.5879 6.9586 5.6476 4.6169 3.8124 3.1834 2.6879 2.2938 1.9769 1.7192 1.5075 
2.4343 8.1763 6.625 5.3769 4.3956 3.6297 3.0308 2.5591 2.1839 1.8821 1.6368 1.4352 
2.4835 7.7839 6.3071 5.1189 4.1846 3.4555 2.8853 2.4363 2.0791 1.7918 1.5583 1.3663 
2.5336 7.4099 6.0041 4.8729 3.9836 3.2895 2.7467 2.3192 1.9792 1.7057 1.4834 1.3007 
2.5848 7.0535 5.7153 4.6386 3.792 3.1313 2.6146 2.2077 1.884 1.6237 1.4121 1.2381 
2.637 6.7139 5.4401 4.4152 3.6094 2.9805 2.4887 2.1014 1.7933 1.5455 1.3441 1.1785 
2.6903 6.3902 5.1778 4.2024 3.4354 2.8368 2.3687 2.0001 1.7068 1.471 1.2793 1.1217 
2.7447 6.0818 4.9279 3.9996 3.2696 2.6999 2.2544 1.9035 1.6244 1.4 1.2175 1.0676 
2.8001 5.788 4.6899 3.8063 3.1116 2.5695 2.1455 1.8116 1.546 1.3324 1.1587 1.016 
2.8567 5.5081 4.4631 3.6223 2.9611 2.4452 2.0417 1.724 1.4712 1.2679 1.1027 0.96686 
2.9144 5.2414 4.247 3.4469 2.8178 2.3268 1.9429 1.6405 1.4 1.2065 1.0493 0.92005 
2.9733 4.9874 4.0411 3.2798 2.6812 2.214 1.8487 1.561 1.3321 1.1481 0.99843 0.87546 
3.0333 4.7454 3.8451 3.1207 2.5511 2.1066 1.759 1.4853 1.2675 1.0924 0.94999 0.83298 
3.0946 4.5149 3.6583 2.9691 2.4272 2.0043 1.6736 1.4131 1.2059 1.0393 0.90385 0.79253 
3.1571 4.2954 3.4805 2.8248 2.3092 1.9069 1.5922 1.3444 1.1473 0.98879 0.85991 0.754 
3.2209 4.0864 3.3111 2.6873 2.1969 1.8141 1.5148 1.279 1.0915 0.94067 0.81806 0.71731 
3.286 3.8873 3.1498 2.5564 2.0898 1.7257 1.441 1.2167 1.0383 0.89485 0.77821 0.68236 
3.3523 3.6978 2.9962 2.4318 1.9879 1.6415 1.3707 1.1574 0.98767 0.85121 0.74026 0.64909 
3.4201 3.5173 2.85 2.3131 1.8909 1.5614 1.3038 1.1009 0.93946 0.80966 0.70413 0.61741 
3.4892 3.3454 2.7107 2.2 1.7985 1.4851 1.2401 1.0471 0.89356 0.7701 0.66973 0.58724 
3.5596 3.1818 2.5781 2.0924 1.7105 1.4125 1.1794 0.99587 0.84986 0.73244 0.63697 0.55852 
3.6316 3.0261 2.4519 1.99 1.6268 1.3434 1.1217 0.94712 0.80825 0.69658 0.60579 0.53118 
3.7049 2.8778 2.3318 1.8925 1.5471 1.2775 1.0667 0.90071 0.76865 0.66245 0.57611 0.50515 
3.7798 2.7366 2.2174 1.7997 1.4712 1.2149 1.0144 0.85653 0.73095 0.62996 0.54785 0.48037 
3.8561 2.6023 2.1086 1.7113 1.399 1.1552 0.96462 0.81448 0.69506 0.59903 0.52096 0.45679 
3.934 2.4744 2.005 1.6272 1.3302 1.0985 0.91722 0.77446 0.66091 0.5696 0.49536 0.43435 
4.0135 2.3527 1.9063 1.5472 1.2648 1.0444 0.87211 0.73637 0.6284 0.54158 0.47099 0.41298 
4.0946 2.2369 1.8125 1.471 1.2026 0.99302 0.82917 0.70012 0.59747 0.51492 0.44781 0.39265 
4.1773 2.1267 1.7232 1.3986 1.1433 0.94409 0.78832 0.66563 0.56803 0.48955 0.42574 0.37331 
4.2617 2.0218 1.6382 1.3296 1.0869 0.89753 0.74944 0.6328 0.54002 0.46541 0.40475 0.3549 
4.3478 1.922 1.5573 1.264 1.0333 0.85323 0.71245 0.60156 0.51336 0.44244 0.38477 0.33738 
4.4356 1.8271 1.4804 1.2015 0.98222 0.81108 0.67725 0.57184 0.488 0.42058 0.36576 0.32071 
4.5252 1.7367 1.4072 1.1421 0.93365 0.77097 0.64376 0.54357 0.46387 0.39978 0.34767 0.30485 
4.6166 1.6508 1.3376 1.0856 0.88745 0.73282 0.61191 0.51667 0.44091 0.38 0.33047 0.28977 
4.7099 1.569 1.2713 1.0318 0.84349 0.69652 0.5816 0.49108 0.41908 0.36118 0.3141 0.27541 
4.805 1.4912 1.2083 0.98066 0.80168 0.66199 0.55277 0.46673 0.3983 0.34327 0.29853 0.26176 
4.9021 1.4172 1.1483 0.93201 0.7619 0.62915 0.52534 0.44358 0.37854 0.32624 0.28372 0.24877 
5.0011 1.3469 1.0913 0.88573 0.72407 0.59791 0.49925 0.42155 0.35974 0.31004 0.26963 0.23642 
5.1021 1.2799 1.0371 0.84171 0.68808 0.56819 0.47444 0.4006 0.34186 0.29463 0.25623 0.22467 
5.2052 1.2163 0.9855 0.79984 0.65386 0.53993 0.45084 0.38067 0.32486 0.27998 0.24348 0.2135 
5.3104 1.1557 0.93645 0.76003 0.62131 0.51306 0.4284 0.36173 0.30869 0.26604 0.23136 0.20287 
5.4176 1.0981 0.88979 0.72217 0.59036 0.4875 0.40706 0.3437 0.29331 0.25279 0.21984 0.19276 
5.5271 1.0434 0.84543 0.68616 0.56093 0.46319 0.38676 0.32657 0.27869 0.24018 0.20888 0.18315 
5.6387 0.99133 0.80325 0.65192 0.53294 0.44008 0.36747 0.31027 0.26478 0.2282 0.19846 0.17401 
5.7526 0.94182 0.76313 0.61937 0.50632 0.4181 0.34912 0.29478 0.25156 0.2168 0.18854 0.16532 
5.8689 0.89475 0.725 0.58841 0.48102 0.39721 0.33167 0.28005 0.23899 0.20597 0.17912 0.15706 
5.9874 0.85 0.68874 0.55898 0.45696 0.37734 0.31508 0.26604 0.22703 0.19567 0.17016 0.14921 
6.1084 0.80746 0.65426 0.53101 0.43409 0.35845 0.29931 0.25273 0.21567 0.18587 0.16165 0.14174 
6.2318 0.76701 0.62149 0.50441 0.41235 0.3405 0.28432 0.24007 0.20487 0.17656 0.15355 0.13464 
6.3577 0.72856 0.59034 0.47912 0.39168 0.32343 0.27006 0.22803 0.1946 0.16771 0.14585 0.12789 
6.4861 0.69202 0.56072 0.45509 0.37203 0.30721 0.25652 0.21659 0.18484 0.1593 0.13854 0.12147 
6.6171 0.65727 0.53257 0.43224 0.35335 0.29178 0.24364 0.20572 0.17556 0.1513 0.13158 0.11537 
6.7508 0.62425 0.50582 0.41052 0.3356 0.27712 0.2314 0.19538 0.16674 0.1437 0.12497 0.10958 
6.8872 0.59287 0.48039 0.38989 0.31873 0.26319 0.21976 0.18556 0.15835 0.13648 0.11869 0.10407 
7.0263 0.56304 0.45622 0.37027 0.30269 0.24995 0.20871 0.17622 0.15039 0.12961 0.11272 0.098833 
7.1682 0.53469 0.43325 0.35163 0.28745 0.23736 0.1982 0.16735 0.14281 0.12308 0.10704 0.093857 
7.313 0.50775 0.41142 0.33391 0.27297 0.22541 0.18821 0.15892 0.13562 0.11688 0.10165 0.089128 
7.4608 0.48215 0.39067 0.31707 0.2592 0.21404 0.17872 0.15091 0.12878 0.11099 0.096522 0.084634 
7.6115 0.45782 0.37096 0.30108 0.24613 0.20324 0.16971 0.14329 0.12228 0.10539 0.091652 0.080364 
7.7653 0.43471 0.35223 0.28588 0.2337 0.19298 0.16114 0.13606 0.11611 0.10007 0.087025 0.076306 
7.9221 0.41274 0.33444 0.27143 0.22189 0.18323 0.153 0.12918 0.11024 0.095012 0.082628 0.072451 
8.0822 0.39188 0.31753 0.25771 0.21067 0.17397 0.14526 0.12265 0.10467 0.090208 0.07845 0.068788 
8.2454 0.37205 0.30146 0.24467 0.20001 0.16516 0.13791 0.11645 0.099374 0.085644 0.074481 0.065308 
8.412 0.35321 0.2862 0.23228 0.18989 0.1568 0.13093 0.11055 0.094343 0.081308 0.070711 0.062001 
8.5819 0.33532 0.2717 0.22052 0.18027 0.14886 0.1243 0.10495 0.089563 0.077189 0.067128 0.05886 
8.7553 0.31832 0.25793 0.20934 0.17113 0.14131 0.118 0.099631 0.085023 0.073276 0.063725 0.055876 
8.9322 0.30217 0.24484 0.19872 0.16245 0.13414 0.11201 0.094577 0.08071 0.069559 0.060493 0.053042 
9.1126 0.28683 0.23241 0.18863 0.1542 0.12733 0.10632 0.089776 0.076613 0.066028 0.057422 0.05035 
9.2967 0.27227 0.22061 0.17905 0.14637 0.12087 0.10092 0.085216 0.072722 0.062674 0.054505 0.047792 
9.4845 0.25843 0.2094 0.16995 0.13893 0.11472 0.095794 0.080885 0.069025 0.059489 0.051735 0.045363 
9.6761 0.24528 0.19875 0.16131 0.13186 0.10889 0.090922 0.076771 0.065515 0.056463 0.049104 0.043056 
9.8716 0.2328 0.18863 0.1531 0.12515 0.10335 0.086295 0.072864 0.062181 0.05359 0.046605 0.040865 
10.071 0.22095 0.17903 0.1453 0.11878 0.098084 0.081901 0.069154 0.059014 0.050861 0.044232 0.038784 
10.274 0.20969 0.1699 0.1379 0.11273 0.093087 0.077727 0.06563 0.056007 0.048269 0.041978 0.036808 
10.482 0.199 0.16124 0.13087 0.10698 0.08834 0.073764 0.062284 0.053152 0.045808 0.039838 0.034931 
10.694 0.18884 0.15302 0.12419 0.10152 0.083834 0.070001 0.059106 0.05044 0.043471 0.037805 0.033149 
10.91 0.1792 0.1452 0.11785 0.09634 0.079554 0.066428 0.056089 0.047865 0.041252 0.035875 0.031457 
11.13 0.17005 0.13779 0.11183 0.091419 0.075491 0.063035 0.053224 0.04542 0.039145 0.034043 0.02985 
11.355 0.16136 0.13075 0.10611 0.086747 0.071632 0.059813 0.050504 0.043099 0.037144 0.032303 0.028324 
11.584 0.15311 0.12406 0.10069 0.082311 0.067969 0.056754 0.047921 0.040895 0.035245 0.030651 0.026876 
11.818 0.14527 0.11771 0.095535 0.078099 0.064491 0.05385 0.045469 0.038802 0.033441 0.029083 0.025501 
12.057 0.13784 0.11168 0.090644 0.0741 0.061189 0.051093 0.043141 0.036816 0.031729 0.027593 0.024195 
12.301 0.13077 0.10596 0.086 0.070304 0.058054 0.048475 0.040931 0.034929 0.030104 0.02618 0.022955 
12.549 0.12407 0.10053 0.081592 0.0667 0.055078 0.045991 0.038833 0.033139 0.02856 0.024838 0.021779 
12.803 0.11771 0.095375 0.077407 0.063279 0.052254 0.043632 0.036841 0.031439 0.027096 0.023564 0.020662 
13.061 0.11167 0.09048 0.073435 0.060032 0.049572 0.041393 0.03495 0.029826 0.025705 0.022355 0.019601 
13.325 0.10593 0.085834 0.069664 0.056949 0.047027 0.039267 0.033156 0.028294 0.024385 0.021207 0.018595 
13.594 0.10049 0.081425 0.066085 0.054024 0.044611 0.03725 0.031452 0.026841 0.023132 0.020117 0.01764 
13.869 0.095325 0.077239 0.062688 0.051247 0.042317 0.035335 0.029836 0.025461 0.021943 0.019083 0.016733 
14.149 0.090422 0.073266 0.059464 0.048611 0.040141 0.033518 0.028301 0.024151 0.020815 0.018102 0.015872 
14.435 0.085768 0.069496 0.056404 0.046109 0.038075 0.031793 0.026845 0.022909 0.019744 0.01717 0.015055 
14.727 0.081352 0.065918 0.053499 0.043735 0.036115 0.030156 0.025462 0.021729 0.018727 0.016286 0.01428 
15.024 0.077161 0.062522 0.050743 0.041482 0.034254 0.028602 0.024151 0.02061 0.017762 0.015447 0.013545 
15.328 0.073184 0.059299 0.048128 0.039344 0.032488 0.027128 0.022906 0.019547 0.016847 0.014651 0.012846 
15.637 0.069409 0.056241 0.045645 0.037315 0.030813 0.025729 0.021724 0.018539 0.015978 0.013895 0.012184 
15.953 0.065828 0.053339 0.04329 0.035389 0.029223 0.024401 0.020603 0.017583 0.015153 0.013178 0.011555 
16.275 0.062429 0.050585 0.041055 0.033562 0.027714 0.023141 0.01954 0.016675 0.014371 0.012498 0.010959 
16.604 0.059204 0.047972 0.038934 0.031828 0.026283 0.021946 0.01853 0.015813 0.013629 0.011852 0.010392 
16.94 0.056144 0.045492 0.036922 0.030183 0.024924 0.020812 0.017573 0.014996 0.012924 0.01124 0.0098554 
17.282 0.053241 0.04314 0.035013 0.028623 0.023635 0.019736 0.016664 0.014221 0.012256 0.010659 0.0093458 
17.631 0.050487 0.040908 0.033201 0.027142 0.022413 0.018715 0.015802 0.013485 0.011622 0.010107 0.0088622 
17.987 0.047873 0.038791 0.031483 0.025737 0.021252 0.017746 0.014984 0.012787 0.01102 0.0095839 0.0084035 
18.351 0.045394 0.036782 0.029852 0.024404 0.020152 0.016827 0.014208 0.012125 0.01045 0.0090876 0.0079683 
18.721 0.043042 0.034876 0.028306 0.023139 0.019108 0.015955 0.013472 0.011496 0.0099081 0.0086167 0.0075554 
19.099 0.040811 0.033068 0.026838 0.02194 0.018117 0.015128 0.012773 0.0109 0.0093945 0.00817 0.0071637 
19.485 0.038694 0.031353 0.025446 0.020802 0.017177 0.014343 0.012111 0.010335 0.0089072 0.0077462 0.0067922 
19.879 0.036686 0.029726 0.024126 0.019722 0.016286 0.013599 0.011482 0.0097988 0.008445 0.0073443 0.0064397 
20.28 0.034781 0.028182 0.022873 0.018698 0.01544 0.012893 0.010886 0.00929 0.0080065 0.006963 0.0061054 
20.69 0.032974 0.026718 0.021685 0.017727 0.014638 0.012223 0.010321 0.0088075 0.0075906 0.0066013 0.0057882 
21.108 0.031261 0.02533 0.020558 0.016806 0.013878 0.011588 0.0097843 0.0083497 0.0071961 0.0062582 0.0054874 
21.535 0.029635 0.024013 0.019489 0.015932 0.013156 0.010985 0.0092756 0.0079156 0.006822 0.0059328 0.0052021 
21.97 0.028094 0.022764 0.018475 0.015103 0.012472 0.010414 0.008793 0.0075038 0.0064671 0.0056242 0.0049315 
22.413 0.026631 0.021579 0.017514 0.014317 0.011823 0.0098718 0.0083354 0.0071133 0.0061305 0.0053315 0.0046748 
22.866 0.025245 0.020455 0.016602 0.013572 0.011207 0.0093578 0.0079014 0.0067429 0.0058113 0.0050538 0.0044314 
23.328 0.02393 0.01939 0.015737 0.012865 0.010623 0.0088703 0.0074897 0.0063916 0.0055085 0.0047906 0.0042005 
23.799 0.022682 0.018379 0.014917 0.012194 0.010069 0.008408 0.0070994 0.0060585 0.0052214 0.0045409 0.0039816 
24.28 0.0215 0.017421 0.014139 0.011558 0.0095443 0.0079695 0.0067292 0.0057425 0.0049492 0.0043041 0.003774 
24.771 0.020378 0.016512 0.013401 0.010955 0.0090464 0.0075538 0.0063781 0.005443 0.004691 0.0040795 0.0035771 
25.271 0.019314 0.01565 0.012702 0.010383 0.0085742 0.0071595 0.0060452 0.0051589 0.0044461 0.0038666 0.0033904 
25.782 0.018306 0.014833 0.012038 0.0098412 0.0081265 0.0067856 0.0057295 0.0048895 0.0042139 0.0036647 0.0032133 
26.302 0.017349 0.014058 0.011409 0.0093271 0.0077019 0.0064311 0.0054302 0.004634 0.0039938 0.0034733 0.0030455 
26.834 0.016443 0.013323 0.010813 0.0088396 0.0072994 0.006095 0.0051464 0.0043918 0.0037851 0.0032917 0.0028863 
27.376 0.015583 0.012626 0.010248 0.0083773 0.0069177 0.0057763 0.0048773 0.0041622 0.0035871 0.0031196 0.0027354 
27.929 0.014768 0.011966 0.0097115 0.0079391 0.0065558 0.0054741 0.0046221 0.0039444 0.0033995 0.0029564 0.0025923 
28.493 0.013995 0.011339 0.0092032 0.0075235 0.0062126 0.0051876 0.0043802 0.003738 0.0032215 0.0028016 0.0024566 
29.069 0.013262 0.010746 0.0087213 0.0071296 0.0058873 0.0049159 0.0041508 0.0035422 0.0030528 0.0026549 0.002328 
29.656 0.012567 0.010183 0.0082644 0.0067561 0.0055789 0.0046584 0.0039334 0.0033567 0.0028929 0.0025159 0.002206 
30.255 0.011908 0.009649 0.0078313 0.006402 0.0052865 0.0044142 0.0037272 0.0031807 0.0027413 0.002384 0.0020904 
30.866 0.011284 0.0091431 0.0074206 0.0060663 0.0050093 0.0041828 0.0035318 0.003014 0.0025976 0.002259 0.0019808 
31.49 0.010692 0.0086635 0.0070314 0.005748 0.0047465 0.0039634 0.0033465 0.0028559 0.0024613 0.0021405 0.0018769 
32.126 0.010131 0.0082088 0.0066623 0.0054464 0.0044974 0.0037554 0.0031709 0.002706 0.0023321 0.0020282 0.0017784 
32.775 0.0095989 0.0077778 0.0063125 0.0051604 0.0042613 0.0035582 0.0030044 0.0025639 0.0022097 0.0019217 0.001685 
33.437 0.0090947 0.0073692 0.0059809 0.0048893 0.0040374 0.0033713 0.0028466 0.0024292 0.0020936 0.0018207 0.0015965 
34.112 0.0086167 0.0069819 0.0056666 0.0046324 0.0038252 0.0031941 0.002697 0.0023016 0.0019836 0.001725 0.0015126 
34.801 0.0081637 0.0066148 0.0053687 0.0043888 0.0036241 0.0030262 0.0025552 0.0021805 0.0018793 0.0016343 0.0014331 
35.504 0.0077343 0.0062669 0.0050863 0.004158 0.0034335 0.002867 0.0024208 0.0020658 0.0017804 0.0015484 0.0013577 
36.222 0.0073273 0.0059371 0.0048186 0.0039392 0.0032528 0.0027161 0.0022934 0.0019571 0.0016867 0.0014669 0.0012862 
36.953 0.0069415 0.0056245 0.0045649 0.0037318 0.0030816 0.0025731 0.0021727 0.0018541 0.0015979 0.0013897 0.0012185 
37.7 0.0065759 0.0053283 0.0043245 0.0035352 0.0029193 0.0024376 0.0020582 0.0017564 0.0015138 0.0013165 0.0011543 
38.462 0.0062294 0.0050475 0.0040966 0.0033489 0.0027654 0.0023092 0.0019498 0.0016639 0.001434 0.0012471 0.0010935 
39.239 0.005901 0.0047814 0.0038807 0.0031724 0.0026196 0.0021874 0.001847 0.0015762 0.0013584 0.0011814 0.0010359 
40.031 0.0055897 0.0045292 0.003676 0.0030051 0.0024815 0.0020721 0.0017496 0.0014931 0.0012868 0.0011191 0.00098124 
40.84 0.0052948 0.0042903 0.003482 0.0028465 0.0023506 0.0019627 0.0016573 0.0014143 0.0012189 0.00106 0.00092946 
41.665 0.0050153 0.0040638 0.0032982 0.0026963 0.0022265 0.0018591 0.0015698 0.0013396 0.0011545 0.0010041 0.0008804 
42.507 0.0047504 0.0038492 0.003124 0.0025539 0.0021089 0.0017609 0.0014869 0.0012689 0.0010936 0.00095104 0.00083391 
43.365 0.0044994 0.0036458 0.002959 0.0024189 0.0019975 0.0016679 0.0014083 0.0012018 0.0010358 0.00090079 0.00078985 
44.241 0.0042616 0.0034531 0.0028026 0.0022911 0.0018919 0.0015797 0.0013339 0.0011383 0.00098104 0.00085318 0.0007481 
45.135 0.0040362 0.0032705 0.0026544 0.0021699 0.0017918 0.0014962 0.0012633 0.0010781 0.00092916 0.00080806 0.00070854 
46.047 0.0038227 0.0030974 0.0025139 0.0020551 0.001697 0.001417 0.0011965 0.0010211 0.00088001 0.00076531 0.00067106 
46.977 0.0036204 0.0029335 0.0023809 0.0019463 0.0016072 0.001342 0.0011332 0.00096703 0.00083343 0.00072481 0.00063554 
47.926 0.0034287 0.0027782 0.0022548 0.0018433 0.0015221 0.001271 0.0010732 0.00091582 0.0007893 0.00068643 0.00060189 
48.894 0.003247 0.002631 0.0021353 0.0017456 0.0014415 0.0012036 0.0010163 0.00086731 0.00074749 0.00065006 0.00057 
49.882 0.0030749 0.0024915 0.0020222 0.0016531 0.0013651 0.0011398 0.00096245 0.00082134 0.00070787 0.00061561 0.00053979 
50.89 0.0029119 0.0023594 0.0019149 0.0015654 0.0012927 0.0010794 0.00091142 0.00077779 0.00067034 0.00058297 0.00051117 
51.918 0.0027574 0.0022343 0.0018134 0.0014824 0.0012241 0.0010221 0.00086307 0.00073653 0.00063478 0.00055204 0.00048405 
52.966 0.002611 0.0021157 0.0017171 0.0014037 0.0011591 0.0009679 0.00081726 0.00069744 0.00060109 0.00052275 0.00045836 
54.036 0.0024724 0.0020033 0.0016259 0.0013292 0.0010976 0.00091651 0.00077387 0.00066041 0.00056917 0.00049499 0.00043403 
55.128 0.0023411 0.0018969 0.0015396 0.0012586 0.0010393 0.00086782 0.00073276 0.00062533 0.00053894 0.00046869 0.00041097 
56.242 0.0022166 0.0017961 0.0014577 0.0011917 0.00098406 0.0008217 0.00069381 0.00059209 0.00051029 0.00044379 0.00038913 
57.378 0.0020988 0.0017006 0.0013802 0.0011283 0.00093173 0.00077801 0.00065692 0.00056061 0.00048316 0.00042019 0.00036844 
58.537 0.0019871 0.0016101 0.0013068 0.0010683 0.00088217 0.00073662 0.00062198 0.00053079 0.00045746 0.00039784 0.00034884 
59.72 0.0018814 0.0015244 0.0012372 0.0010114 0.00083522 0.00069741 0.00058888 0.00050254 0.00043311 0.00037666 0.00033028 
60.926 0.0017812 0.0014433 0.0011714 0.00095759 0.00079074 0.00066028 0.00055752 0.00047578 0.00041005 0.00035661 0.00031269 
62.157 0.0016863 0.0013664 0.001109 0.00090657 0.00074862 0.0006251 0.00052782 0.00045043 0.00038821 0.00033761 0.00029603 
63.412 0.0015964 0.0012935 0.0010499 0.00085825 0.00070872 0.00059179 0.00049969 0.00042643 0.00036752 0.00031962 0.00028026 
64.693 0.0015113 0.0012246 0.00099387 0.00081248 0.00067092 0.00056023 0.00047304 0.00040369 0.00034792 0.00030257 0.00026531 
66.0 0.0014306 0.0011592 0.00094084 0.00076914 0.00063513 0.00053034 0.0004478 0.00038215 0.00032936 0.00028643 0.00025116 
67.334 0.0013543 0.0010973 0.00089062 0.00072808 0.00060123 0.00050203 0.0004239 0.00036175 0.00031178 0.00027114 0.00023775 
68.694 0.0012819 0.0010387 0.00084306 0.0006892 0.00056912 0.00047522 0.00040126 0.00034243 0.00029513 0.00025666 0.00022506 
70.082 0.0012134 0.00098323 0.00079801 0.00065237 0.00053871 0.00044983 0.00037982 0.00032414 0.00027936 0.00024295 0.00021303 
71.497 0.0011486 0.00093067 0.00075535 0.00061749 0.00050991 0.00042578 0.00035952 0.00030681 0.00026442 0.00022996 0.00020164 
72.942 0.0010871 0.00088089 0.00071494 0.00058447 0.00048264 0.00040301 0.00034029 0.0002904 0.00025028 0.00021766 0.00019086 
74.415 0.001029 0.00083374 0.00067668 0.00055319 0.00045681 0.00038144 0.00032208 0.00027486 0.00023689 0.00020602 0.00018064 
75.918 0.00097386 0.0007891 0.00064045 0.00052357 0.00043235 0.00036102 0.00030483 0.00026014 0.0002242 0.00019499 0.00017097 
77.452 0.00092168 0.00074682 0.00060614 0.00049552 0.00040918 0.00034168 0.0002885 0.00024621 0.00021219 0.00018454 0.00016181 
79.017 0.00087227 0.00070679 0.00057365 0.00046896 0.00038725 0.00032336 0.00027304 0.00023301 0.00020082 0.00017465 0.00015314 
80.613 0.00082549 0.00066888 0.00054288 0.0004438 0.00036648 0.00030602 0.00025839 0.00022051 0.00019005 0.00016528 0.00014493 
82.241 0.00078119 0.00063299 0.00051375 0.00041999 0.00034682 0.0002896 0.00024453 0.00020868 0.00017985 0.00015641 0.00013715 
83.903 0.00073924 0.000599 0.00048616 0.00039744 0.00032819 0.00027405 0.0002314 0.00019748 0.0001702 0.00014802 0.00012979 
85.598 0.00069952 0.00056681 0.00046004 0.00037608 0.00031056 0.00025932 0.00021897 0.00018687 0.00016105 0.00014006 0.00012282 
87.327 0.00066192 0.00053634 0.00043531 0.00035587 0.00029387 0.00024538 0.0002072 0.00017682 0.0001524 0.00013254 0.00011621 
89.091 0.00062631 0.00050749 0.00041189 0.00033673 0.00027806 0.00023219 0.00019605 0.00016731 0.0001442 0.00012541 0.00010996 
90.891 0.0005926 0.00048018 0.00038973 0.0003186 0.00026309 0.00021969 0.0001855 0.00015831 0.00013644 0.00011866 0.00010405 
92.727 0.00056069 0.00045432 0.00036874 0.00030144 0.00024893 0.00020786 0.00017551 0.00014978 0.00012909 0.00011227 9.8443e-05 
94.6 0.00053047 0.00042983 0.00034887 0.0002852 0.00023551 0.00019666 0.00016605 0.00014171 0.00012214 0.00010622 9.3139e-05 
96.511 0.00050186 0.00040666 0.00033005 0.00026982 0.00022281 0.00018605 0.0001571 0.00013407 0.00011555 0.00010049 8.8117e-05 
98.461 0.00047478 0.00038471 0.00031224 0.00025526 0.00021079 0.00017601 0.00014862 0.00012684 0.00010932 9.507e-05 8.3363e-05 
100.45 0.00044915 0.00036394 0.00029538 0.00024148 0.00019941 0.00016651 0.0001406 0.00011999 0.00010341 8.9938e-05 7.8863e-05 
102.48 0.00042488 0.00034427 0.00027942 0.00022843 0.00018863 0.00015751 0.000133 0.00011351 9.7827e-05 8.5079e-05 7.4602e-05 
104.55 0.0004019 0.00032566 0.00026431 0.00021608 0.00017844 0.000149 0.00012581 0.00010737 9.2538e-05 8.0479e-05 7.0569e-05 
106.66 0.00038016 0.00030804 0.00025001 0.00020439 0.00016878 0.00014094 0.00011901 0.00010156 8.7532e-05 7.6125e-05 6.6752e-05 
108.82 0.00035957 0.00029136 0.00023648 0.00019332 0.00015964 0.00013331 0.00011256 9.6062e-05 8.2793e-05 7.2004e-05 6.3138e-05 
111.01 0.00034009 0.00027557 0.00022366 0.00018285 0.00015099 0.00012608 0.00010646 9.0857e-05 7.8307e-05 6.8103e-05 5.9717e-05 
113.26 0.00032164 0.00026063 0.00021153 0.00017293 0.00014281 0.00011925 0.00010069 8.5931e-05 7.4062e-05 6.4411e-05 5.648e-05 
115.54 0.00030419 0.00024648 0.00020005 0.00016355 0.00013506 0.00011278 9.5227e-05 8.1268e-05 7.0043e-05 6.0916e-05 5.3415e-05 
117.88 0.00028767 0.0002331 0.00018919 0.00015467 0.00012772 0.00010665 9.0056e-05 7.6855e-05 6.624e-05 5.7608e-05 5.0515e-05 
120.26 0.00027203 0.00022043 0.00017891 0.00014626 0.00012078 0.00010086 8.5162e-05 7.2678e-05 6.264e-05 5.4478e-05 4.777e-05 
122.69 0.00025723 0.00020844 0.00016917 0.0001383 0.00011421 9.5369e-05 8.053e-05 6.8725e-05 5.9233e-05 5.1515e-05 4.5172e-05 
125.17 0.00024323 0.00019709 0.00015996 0.00013077 0.00010799 9.0177e-05 7.6146e-05 6.4984e-05 5.6009e-05 4.8711e-05 4.2713e-05 
127.7 0.00022997 0.00018635 0.00015125 0.00012365 0.00010211 8.5264e-05 7.1997e-05 6.1444e-05 5.2957e-05 4.6057e-05 4.0386e-05 
130.28 0.00021743 0.00017618 0.000143 0.0001169 9.6539e-05 8.0614e-05 6.8071e-05 5.8093e-05 5.007e-05 4.3546e-05 3.8184e-05 
132.91 0.00020556 0.00016657 0.00013519 0.00011052 9.127e-05 7.6214e-05 6.4356e-05 5.4923e-05 4.7337e-05 4.1169e-05 3.6101e-05 
135.59 0.00019433 0.00015747 0.00012781 0.00010448 8.6284e-05 7.2051e-05 6.084e-05 5.1922e-05 4.4751e-05 3.892e-05 3.4129e-05 
138.33 0.0001837 0.00014885 0.00012082 9.8771e-05 8.1565e-05 6.8111e-05 5.7513e-05 4.9083e-05 4.2304e-05 3.6793e-05 3.2263e-05 
141.13 0.00017364 0.00014071 0.0001142 9.3364e-05 7.7101e-05 6.4383e-05 5.4365e-05 4.6397e-05 3.9989e-05 3.4779e-05 3.0497e-05 
143.98 0.00016413 0.000133 0.00010795 8.8249e-05 7.2876e-05 6.0855e-05 5.1387e-05 4.3855e-05 3.7799e-05 3.2874e-05 2.8827e-05 
146.89 0.00015513 0.0001257 0.00010202 8.3408e-05 6.8879e-05 5.7518e-05 4.8569e-05 4.145e-05 3.5726e-05 3.1071e-05 2.7246e-05 
149.85 0.00014661 0.0001188 9.6423e-05 7.8829e-05 6.5098e-05 5.436e-05 4.5903e-05 3.9175e-05 3.3765e-05 2.9366e-05 2.5751e-05 
152.88 0.00013855 0.00011227 9.1123e-05 7.4496e-05 6.152e-05 5.1373e-05 4.338e-05 3.7022e-05 3.1909e-05 2.7752e-05 2.4336e-05 
155.97 0.00013092 0.00010609 8.6109e-05 7.0397e-05 5.8135e-05 4.8546e-05 4.0993e-05 3.4985e-05 3.0154e-05 2.6226e-05 2.2997e-05 
159.12 0.00012371 0.00010025 8.1366e-05 6.652e-05 5.4933e-05 4.5872e-05 3.8736e-05 3.3059e-05 2.8493e-05 2.4782e-05 2.1731e-05 
162.33 0.00011689 9.4718e-05 7.6879e-05 6.2851e-05 5.1904e-05 4.3343e-05 3.66e-05 3.1236e-05 2.6923e-05 2.3415e-05 2.0533e-05 
165.61 0.00011043 8.9488e-05 7.2634e-05 5.9381e-05 4.9038e-05 4.095e-05 3.458e-05 2.9512e-05 2.5437e-05 2.2123e-05 1.94e-05 
168.96 0.00010433 8.4541e-05 6.8619e-05 5.6099e-05 4.6328e-05 3.8687e-05 3.2668e-05 2.7881e-05 2.4031e-05 2.09e-05 1.8328e-05 
172.37 9.8555e-05 7.9862e-05 6.4821e-05 5.2994e-05 4.3764e-05 3.6546e-05 3.0861e-05 2.6338e-05 2.2701e-05 1.9744e-05 1.7314e-05 
175.85 9.3093e-05 7.5436e-05 6.1229e-05 5.0058e-05 4.1339e-05 3.4521e-05 2.9151e-05 2.4879e-05 2.1444e-05 1.865e-05 1.6355e-05 
179.41 8.7927e-05 7.125e-05 5.7832e-05 4.728e-05 3.9046e-05 3.2606e-05 2.7534e-05 2.3499e-05 2.0254e-05 1.7616e-05 1.5448e-05 
183.03 8.3041e-05 6.7291e-05 5.4618e-05 4.4654e-05 3.6877e-05 3.0795e-05 2.6004e-05 2.2194e-05 1.9129e-05 1.6638e-05 1.459e-05 
186.73 7.8421e-05 6.3547e-05 5.158e-05 4.2169e-05 3.4825e-05 2.9082e-05 2.4558e-05 2.0959e-05 1.8066e-05 1.5712e-05 1.3779e-05 
190.5 7.4051e-05 6.0006e-05 4.8706e-05 3.982e-05 3.2885e-05 2.7462e-05 2.319e-05 1.9792e-05 1.7059e-05 1.4837e-05 1.3011e-05 
194.35 6.9919e-05 5.6658e-05 4.5989e-05 3.7599e-05 3.1051e-05 2.593e-05 2.1897e-05 1.8688e-05 1.6108e-05 1.401e-05 1.2286e-05 
198.28 6.6012e-05 5.3492e-05 4.3419e-05 3.5498e-05 2.9316e-05 2.4481e-05 2.0674e-05 1.7644e-05 1.5208e-05 1.3228e-05 1.16e-05 
202.28 6.2318e-05 5.0499e-05 4.0989e-05 3.3512e-05 2.7676e-05 2.3112e-05 1.9517e-05 1.6657e-05 1.4358e-05 1.2488e-05 1.0951e-05 
206.37 5.8825e-05 4.7668e-05 3.8692e-05 3.1634e-05 2.6125e-05 2.1817e-05 1.8424e-05 1.5724e-05 1.3553e-05 1.1788e-05 1.0338e-05 
210.54 5.5522e-05 4.4993e-05 3.652e-05 2.9858e-05 2.4659e-05 2.0593e-05 1.739e-05 1.4842e-05 1.2793e-05 1.1127e-05 9.7578e-06 
214.79 5.2401e-05 4.2463e-05 3.4467e-05 2.818e-05 2.3272e-05 1.9435e-05 1.6412e-05 1.4008e-05 1.2074e-05 1.0502e-05 9.2096e-06 
219.13 4.9449e-05 4.0071e-05 3.2526e-05 2.6593e-05 2.1962e-05 1.8341e-05 1.5488e-05 1.3219e-05 1.1395e-05 9.9108e-06 8.6913e-06 
223.56 4.666e-05 3.7811e-05 3.0691e-05 2.5093e-05 2.0724e-05 1.7307e-05 1.4615e-05 1.2474e-05 1.0752e-05 9.3521e-06 8.2014e-06 
228.07 4.4023e-05 3.5674e-05 2.8957e-05 2.3675e-05 1.9553e-05 1.6329e-05 1.379e-05 1.1769e-05 1.0145e-05 8.8239e-06 7.7383e-06 
232.68 4.153e-05 3.3655e-05 2.7318e-05 2.2335e-05 1.8446e-05 1.5405e-05 1.3009e-05 1.1104e-05 9.571e-06 8.3248e-06 7.3006e-06 
237.38 3.9175e-05 3.1746e-05 2.5769e-05 2.1069e-05 1.74e-05 1.4532e-05 1.2272e-05 1.0474e-05 9.0285e-06 7.8531e-06 6.887e-06 
242.17 3.6949e-05 2.9942e-05 2.4305e-05 1.9872e-05 1.6412e-05 1.3706e-05 1.1575e-05 9.8794e-06 8.5159e-06 7.4072e-06 6.496e-06 
247.07 3.4846e-05 2.8238e-05 2.2922e-05 1.8741e-05 1.5478e-05 1.2926e-05 1.0916e-05 9.3174e-06 8.0315e-06 6.9859e-06 6.1266e-06 
252.06 3.2858e-05 2.6628e-05 2.1614e-05 1.7672e-05 1.4596e-05 1.2189e-05 1.0294e-05 8.7864e-06 7.5738e-06 6.5878e-06 5.7775e-06 
257.15 3.098e-05 2.5106e-05 2.0379e-05 1.6663e-05 1.3762e-05 1.1493e-05 9.7062e-06 8.2846e-06 7.1413e-06 6.2117e-06 5.4477e-06 
262.34 2.9206e-05 2.3668e-05 1.9213e-05 1.5709e-05 1.2974e-05 1.0835e-05 9.1507e-06 7.8105e-06 6.7328e-06 5.8564e-06 5.1361e-06 
267.64 2.753e-05 2.231e-05 1.811e-05 1.4808e-05 1.223e-05 1.0214e-05 8.626e-06 7.3627e-06 6.3468e-06 5.5207e-06 4.8417e-06 
273.05 2.5947e-05 2.1028e-05 1.7069e-05 1.3956e-05 1.1527e-05 9.627e-06 8.1303e-06 6.9397e-06 5.9822e-06 5.2036e-06 4.5637e-06 
278.57 2.4452e-05 1.9816e-05 1.6086e-05 1.3153e-05 1.0863e-05 9.0726e-06 7.6622e-06 6.5402e-06 5.6378e-06 4.9041e-06 4.301e-06 
284.19 2.304e-05 1.8672e-05 1.5157e-05 1.2393e-05 1.0236e-05 8.549e-06 7.22e-06 6.1628e-06 5.3126e-06 4.6212e-06 4.053e-06 
289.94 2.1707e-05 1.7592e-05 1.428e-05 1.1676e-05 9.644e-06 8.0546e-06 6.8025e-06 5.8065e-06 5.0055e-06 4.3541e-06 3.8187e-06 
295.79 2.0448e-05 1.6571e-05 1.3452e-05 1.0999e-05 9.0849e-06 7.5877e-06 6.4083e-06 5.47e-06 4.7155e-06 4.1019e-06 3.5976e-06 
301.77 1.9259e-05 1.5608e-05 1.267e-05 1.036e-05 8.5571e-06 7.1469e-06 6.0361e-06 5.1524e-06 4.4417e-06 3.8637e-06 3.3887e-06 
307.86 1.8137e-05 1.4699e-05 1.1932e-05 9.7568e-06 8.0588e-06 6.7308e-06 5.6847e-06 4.8525e-06 4.1832e-06 3.6389e-06 3.1916e-06 
314.08 1.7078e-05 1.3841e-05 1.1236e-05 9.1873e-06 7.5884e-06 6.338e-06 5.353e-06 4.5694e-06 3.9392e-06 3.4267e-06 3.0055e-06 
320.43 1.6078e-05 1.3031e-05 1.0578e-05 8.6497e-06 7.1445e-06 5.9673e-06 5.04e-06 4.3022e-06 3.7089e-06 3.2264e-06 2.8298e-06 
326.9 1.5135e-05 1.2266e-05 9.9577e-06 8.1424e-06 6.7255e-06 5.6174e-06 4.7445e-06 4.0501e-06 3.4915e-06 3.0373e-06 2.664e-06 
333.51 1.4245e-05 1.1545e-05 9.3722e-06 7.6637e-06 6.3302e-06 5.2873e-06 4.4657e-06 3.8121e-06 3.2864e-06 2.859e-06 2.5076e-06 
340.24 1.3405e-05 1.0864e-05 8.8198e-06 7.2121e-06 5.9572e-06 4.9758e-06 4.2027e-06 3.5876e-06 3.0929e-06 2.6907e-06 2.36e-06 
347.12 1.2613e-05 1.0222e-05 8.2987e-06 6.786e-06 5.6053e-06 4.682e-06 3.9545e-06 3.3758e-06 2.9104e-06 2.5319e-06 2.2208e-06 
354.13 1.1865e-05 9.6166e-06 7.8072e-06 6.3842e-06 5.2735e-06 4.4048e-06 3.7205e-06 3.1761e-06 2.7382e-06 2.3821e-06 2.0894e-06 
361.28 1.1161e-05 9.0456e-06 7.3436e-06 6.0052e-06 4.9605e-06 4.1434e-06 3.4998e-06 2.9877e-06 2.5758e-06 2.2409e-06 1.9656e-06 
368.58 1.0496e-05 8.5071e-06 6.9065e-06 5.6479e-06 4.6654e-06 3.897e-06 3.2916e-06 2.81e-06 2.4227e-06 2.1077e-06 1.8488e-06 
376.03 9.8698e-06 7.9995e-06 6.4945e-06 5.311e-06 4.3871e-06 3.6646e-06 3.0954e-06 2.6426e-06 2.2783e-06 1.9821e-06 1.7387e-06 
383.62 9.2793e-06 7.5209e-06 6.1061e-06 4.9934e-06 4.1248e-06 3.4456e-06 2.9104e-06 2.4847e-06 2.1422e-06 1.8638e-06 1.6349e-06 
391.37 8.7227e-06 7.0699e-06 5.74e-06 4.6941e-06 3.8776e-06 3.2391e-06 2.7361e-06 2.3359e-06 2.014e-06 1.7522e-06 1.537e-06 
399.28 8.1983e-06 6.6449e-06 5.395e-06 4.412e-06 3.6447e-06 3.0446e-06 2.5718e-06 2.1956e-06 1.8931e-06 1.647e-06 1.4448e-06 
407.34 7.7041e-06 6.2445e-06 5.0699e-06 4.1462e-06 3.4252e-06 2.8612e-06 2.417e-06 2.0635e-06 1.7792e-06 1.548e-06 1.3579e-06 
415.57 7.2386e-06 5.8672e-06 4.7637e-06 3.8958e-06 3.2184e-06 2.6886e-06 2.2711e-06 1.939e-06 1.6719e-06 1.4546e-06 1.2761e-06 
423.97 6.8002e-06 5.5119e-06 4.4753e-06 3.66e-06 3.0236e-06 2.5259e-06 2.1337e-06 1.8218e-06 1.5708e-06 1.3667e-06 1.1989e-06 
432.53 6.3873e-06 5.1773e-06 4.2037e-06 3.438e-06 2.8402e-06 2.3727e-06 2.0044e-06 1.7113e-06 1.4756e-06 1.2839e-06 1.1263e-06 
441.27 5.9986e-06 4.8623e-06 3.948e-06 3.2289e-06 2.6675e-06 2.2285e-06 1.8826e-06 1.6074e-06 1.386e-06 1.206e-06 1.058e-06 
450.19 5.6327e-06 4.5658e-06 3.7073e-06 3.0321e-06 2.505e-06 2.0927e-06 1.7679e-06 1.5095e-06 1.3016e-06 1.1326e-06 9.936e-07 
459.28 5.2884e-06 4.2868e-06 3.4808e-06 2.8469e-06 2.352e-06 1.965e-06 1.66e-06 1.4174e-06 1.2222e-06 1.0635e-06 9.3302e-07 
468.56 4.9644e-06 4.0242e-06 3.2676e-06 2.6726e-06 2.2081e-06 1.8448e-06 1.5585e-06 1.3307e-06 1.1475e-06 9.9852e-07 8.7602e-07 
478.02 4.6597e-06 3.7772e-06 3.0671e-06 2.5087e-06 2.0727e-06 1.7317e-06 1.463e-06 1.2492e-06 1.0772e-06 9.3737e-07 8.224e-07 
487.68 4.373e-06 3.5449e-06 2.8786e-06 2.3545e-06 1.9453e-06 1.6253e-06 1.3731e-06 1.1725e-06 1.0111e-06 8.7986e-07 7.7196e-07 
497.53 4.1035e-06 3.3265e-06 2.7012e-06 2.2094e-06 1.8255e-06 1.5252e-06 1.2886e-06 1.1004e-06 9.4894e-07 8.2577e-07 7.2452e-07 
507.58 3.85e-06 3.1211e-06 2.5345e-06 2.0731e-06 1.7129e-06 1.4312e-06 1.2092e-06 1.0326e-06 8.9048e-07 7.7492e-07 6.7991e-07 
517.84 3.6118e-06 2.928e-06 2.3777e-06 1.9449e-06 1.6071e-06 1.3428e-06 1.1345e-06 9.6882e-07 8.3552e-07 7.271e-07 6.3797e-07 
528.3 3.3879e-06 2.7466e-06 2.2304e-06 1.8245e-06 1.5076e-06 1.2597e-06 1.0643e-06 9.089e-07 7.8387e-07 6.8217e-07 5.9856e-07 
538.97 3.1775e-06 2.5761e-06 2.092e-06 1.7113e-06 1.4141e-06 1.1816e-06 9.9837e-07 8.526e-07 7.3532e-07 6.3994e-07 5.6152e-07 
549.86 2.9799e-06 2.4159e-06 1.962e-06 1.605e-06 1.3263e-06 1.1082e-06 9.3641e-07 7.997e-07 6.8972e-07 6.0027e-07 5.2672e-07 
560.97 2.7943e-06 2.2655e-06 1.8399e-06 1.5051e-06 1.2438e-06 1.0393e-06 8.7822e-07 7.5002e-07 6.4689e-07 5.63e-07 4.9403e-07 
572.3 2.6201e-06 2.1243e-06 1.7252e-06 1.4114e-06 1.1663e-06 9.7462e-07 8.2357e-07 7.0337e-07 6.0667e-07 5.2801e-07 4.6334e-07 
583.86 2.4565e-06 1.9917e-06 1.6176e-06 1.3233e-06 1.0936e-06 9.1388e-07 7.7226e-07 6.5957e-07 5.689e-07 4.9515e-07 4.3452e-07 
595.65 2.3029e-06 1.8672e-06 1.5165e-06 1.2407e-06 1.0253e-06 8.5686e-07 7.241e-07 6.1845e-07 5.3345e-07 4.6431e-07 4.0747e-07 
607.69 2.1589e-06 1.7504e-06 1.4217e-06 1.1632e-06 9.6128e-07 8.0335e-07 6.789e-07 5.7986e-07 5.0018e-07 4.3537e-07 3.8208e-07 
619.96 2.0237e-06 1.6409e-06 1.3328e-06 1.0904e-06 9.0118e-07 7.5315e-07 6.3649e-07 5.4366e-07 4.6897e-07 4.0821e-07 3.5825e-07 
632.49 1.8968e-06 1.5381e-06 1.2493e-06 1.0221e-06 8.448e-07 7.0605e-07 5.9671e-07 5.0969e-07 4.3968e-07 3.8272e-07 3.3589e-07 
645.26 1.7779e-06 1.4416e-06 1.171e-06 9.5813e-07 7.9191e-07 6.6186e-07 5.5938e-07 4.7782e-07 4.122e-07 3.5882e-07 3.1492e-07 
658.3 1.6663e-06 1.3512e-06 1.0976e-06 8.9809e-07 7.4231e-07 6.2043e-07 5.2438e-07 4.4794e-07 3.8643e-07 3.364e-07 2.9525e-07 
671.6 1.5617e-06 1.2664e-06 1.0288e-06 8.4178e-07 6.9579e-07 5.8157e-07 4.9155e-07 4.1991e-07 3.6226e-07 3.1537e-07 2.7681e-07 
685.16 1.4637e-06 1.1869e-06 9.6421e-07 7.8899e-07 6.5218e-07 5.4513e-07 4.6077e-07 3.9363e-07 3.396e-07 2.9565e-07 2.5951e-07 
699.01 1.3717e-06 1.1124e-06 9.037e-07 7.395e-07 6.1129e-07 5.1097e-07 4.3192e-07 3.6899e-07 3.1836e-07 2.7716e-07 2.4329e-07 
713.13 1.2855e-06 1.0426e-06 8.4697e-07 6.9311e-07 5.7296e-07 4.7895e-07 4.0486e-07 3.4589e-07 2.9844e-07 2.5983e-07 2.2808e-07 
727.53 1.2048e-06 9.7707e-07 7.938e-07 6.4962e-07 5.3703e-07 4.4893e-07 3.795e-07 3.2424e-07 2.7976e-07 2.4358e-07 2.1383e-07 
742.23 1.1291e-06 9.1571e-07 7.4397e-07 6.0886e-07 5.0336e-07 4.208e-07 3.5573e-07 3.0394e-07 2.6226e-07 2.2835e-07 2.0046e-07 
757.22 1.0581e-06 8.582e-07 6.9727e-07 5.7067e-07 4.718e-07 3.9443e-07 3.3346e-07 2.8492e-07 2.4586e-07 2.1408e-07 1.8794e-07 
772.52 9.9164e-07 8.0431e-07 6.5352e-07 5.3487e-07 4.4222e-07 3.6972e-07 3.1258e-07 2.6709e-07 2.3048e-07 2.007e-07 1.762e-07 
788.13 9.2936e-07 7.5382e-07 6.1251e-07 5.0134e-07 4.1451e-07 3.4657e-07 2.9302e-07 2.5038e-07 2.1608e-07 1.8816e-07 1.652e-07 
804.05 8.71e-07 7.0651e-07 5.741e-07 4.6991e-07 3.8855e-07 3.2488e-07 2.7469e-07 2.3473e-07 2.0258e-07 1.7641e-07 1.5489e-07 
820.29 8.1633e-07 6.6219e-07 5.3811e-07 4.4047e-07 3.6422e-07 3.0455e-07 2.5751e-07 2.2006e-07 1.8993e-07 1.654e-07 1.4523e-07 
836.86 7.6511e-07 6.2067e-07 5.0438e-07 4.1289e-07 3.4142e-07 2.855e-07 2.4141e-07 2.0632e-07 1.7807e-07 1.5508e-07 1.3618e-07 
853.77 7.1712e-07 5.8176e-07 4.7278e-07 3.8704e-07 3.2006e-07 2.6765e-07 2.2633e-07 1.9344e-07 1.6696e-07 1.4542e-07 1.2769e-07 
871.01 6.7216e-07 5.453e-07 4.4318e-07 3.6282e-07 3.0005e-07 2.5092e-07 2.122e-07 1.8137e-07 1.5655e-07 1.3635e-07 1.1974e-07 
888.61 6.3002e-07 5.1114e-07 4.1543e-07 3.4012e-07 2.8129e-07 2.3525e-07 1.9895e-07 1.7005e-07 1.4679e-07 1.2786e-07 1.1229e-07 
906.56 5.9054e-07 4.7913e-07 3.8943e-07 3.1885e-07 2.6371e-07 2.2056e-07 1.8654e-07 1.5945e-07 1.3765e-07 1.199e-07 1.053e-07 
924.88 5.5354e-07 4.4913e-07 3.6507e-07 2.9891e-07 2.4724e-07 2.0679e-07 1.749e-07 1.4951e-07 1.2907e-07 1.1244e-07 9.8754e-08 
943.56 5.1887e-07 4.2102e-07 3.4223e-07 2.8023e-07 2.318e-07 1.9389e-07 1.64e-07 1.402e-07 1.2104e-07 1.0544e-07 9.2616e-08 
962.62 4.8637e-07 3.9467e-07 3.2083e-07 2.6272e-07 2.1733e-07 1.8179e-07 1.5378e-07 1.3147e-07 1.1351e-07 9.8887e-08 8.6861e-08 
982.07 4.5592e-07 3.6998e-07 3.0077e-07 2.4631e-07 2.0376e-07 1.7046e-07 1.4419e-07 1.2328e-07 1.0644e-07 9.2741e-08 8.1466e-08 
1001.9 4.2738e-07 3.4683e-07 2.8197e-07 2.3093e-07 1.9105e-07 1.5983e-07 1.3521e-07 1.1561e-07 9.9825e-08 8.6978e-08 7.6408e-08 
1022.1 4.0063e-07 3.2514e-07 2.6435e-07 2.1651e-07 1.7913e-07 1.4987e-07 1.2679e-07 1.0841e-07 9.362e-08 8.1576e-08 7.1666e-08 
1042.8 3.7556e-07 3.0481e-07 2.4784e-07 2.0299e-07 1.6796e-07 1.4053e-07 1.189e-07 1.0167e-07 8.7802e-08 7.6511e-08 6.722e-08 
1063.9 3.5207e-07 2.8576e-07 2.3236e-07 1.9033e-07 1.5749e-07 1.3178e-07 1.115e-07 9.5351e-08 8.2348e-08 7.1763e-08 6.3052e-08 
1085.4 3.3005e-07 2.679e-07 2.1785e-07 1.7846e-07 1.4767e-07 1.2357e-07 1.0457e-07 8.9426e-08 7.7236e-08 6.7311e-08 5.9144e-08 
1107.3 3.0942e-07 2.5117e-07 2.0426e-07 1.6733e-07 1.3848e-07 1.1588e-07 9.8065e-08 8.3872e-08 7.2443e-08 6.3138e-08 5.5481e-08 
1129.6 2.9008e-07 2.3549e-07 1.9152e-07 1.569e-07 1.2985e-07 1.0868e-07 9.1971e-08 7.8665e-08 6.795e-08 5.9226e-08 5.2046e-08 
1152.5 2.7196e-07 2.2079e-07 1.7957e-07 1.4713e-07 1.2177e-07 1.0192e-07 8.626e-08 7.3785e-08 6.3739e-08 5.5559e-08 4.8827e-08 
1175.7 2.5498e-07 2.0701e-07 1.6838e-07 1.3797e-07 1.142e-07 9.5587e-08 8.0906e-08 6.921e-08 5.9791e-08 5.2121e-08 4.5808e-08 
1199.5 2.3906e-07 1.9411e-07 1.5789e-07 1.2938e-07 1.071e-07 8.9652e-08 7.5887e-08 6.4921e-08 5.6089e-08 4.8897e-08 4.2978e-08 
1223.7 2.2415e-07 1.8201e-07 1.4806e-07 1.2134e-07 1.0045e-07 8.4088e-08 7.1183e-08 6.0901e-08 5.262e-08 4.5876e-08 4.0325e-08 
1248.5 2.1018e-07 1.7067e-07 1.3885e-07 1.138e-07 9.4212e-08 7.8874e-08 6.6774e-08 5.7133e-08 4.9367e-08 4.3043e-08 3.7837e-08 
1273.7 1.9708e-07 1.6005e-07 1.3022e-07 1.0673e-07 8.8367e-08 7.3986e-08 6.264e-08 5.36e-08 4.6318e-08 4.0387e-08 3.5505e-08 
1299.4 1.8481e-07 1.5009e-07 1.2212e-07 1.001e-07 8.2888e-08 6.9404e-08 5.8766e-08 5.0289e-08 4.346e-08 3.7897e-08 3.3319e-08 
1325.7 1.733e-07 1.4076e-07 1.1454e-07 9.3893e-08 7.7753e-08 6.5109e-08 5.5133e-08 4.7184e-08 4.078e-08 3.5563e-08 3.1268e-08 
1352.4 1.6252e-07 1.3201e-07 1.0743e-07 8.8073e-08 7.2939e-08 6.1083e-08 5.1728e-08 4.4273e-08 3.8267e-08 3.3374e-08 2.9346e-08 
1379.8 1.5242e-07 1.2381e-07 1.0077e-07 8.2617e-08 6.8426e-08 5.7309e-08 4.8536e-08 4.1544e-08 3.5911e-08 3.1322e-08 2.7543e-08 
1407.6 1.4295e-07 1.1613e-07 9.4522e-08 7.7502e-08 6.4196e-08 5.377e-08 4.5543e-08 3.8985e-08 3.3702e-08 2.9397e-08 2.5853e-08 
1436.1 1.3407e-07 1.0893e-07 8.8667e-08 7.2708e-08 6.023e-08 5.0453e-08 4.2736e-08 3.6586e-08 3.163e-08 2.7592e-08 2.4267e-08 
1465.1 1.2575e-07 1.0218e-07 8.3179e-08 6.8213e-08 5.6511e-08 4.7342e-08 4.0105e-08 3.4336e-08 2.9687e-08 2.59e-08 2.278e-08 
1494.7 1.1796e-07 9.5849e-08 7.8034e-08 6.4e-08 5.3025e-08 4.4426e-08 3.7638e-08 3.2227e-08 2.7866e-08 2.4312e-08 2.1386e-08 
1524.9 1.1064e-07 8.9916e-08 7.321e-08 6.0049e-08 4.9757e-08 4.1691e-08 3.5324e-08 3.0248e-08 2.6157e-08 2.2824e-08 2.0078e-08 
1555.7 1.0379e-07 8.4354e-08 6.8688e-08 5.6345e-08 4.6692e-08 3.9127e-08 3.3154e-08 2.8393e-08 2.4555e-08 2.1427e-08 1.8851e-08 
1587.1 9.7368e-08 7.914e-08 6.4448e-08 5.2872e-08 4.3818e-08 3.6722e-08 3.1119e-08 2.6652e-08 2.3052e-08 2.0117e-08 1.77e-08 
1619.2 9.1346e-08 7.4252e-08 6.0473e-08 4.9616e-08 4.1123e-08 3.4467e-08 2.9211e-08 2.502e-08 2.1642e-08 1.8889e-08 1.662e-08 
1651.9 8.5699e-08 6.9668e-08 5.6745e-08 4.6562e-08 3.8596e-08 3.2352e-08 2.7421e-08 2.3489e-08 2.032e-08 1.7736e-08 1.5608e-08 
1685.2 8.0406e-08 6.5371e-08 5.325e-08 4.3699e-08 3.6226e-08 3.0368e-08 2.5743e-08 2.2054e-08 1.9079e-08 1.6655e-08 1.4657e-08 
1719.3 7.5443e-08 6.1342e-08 4.9973e-08 4.1013e-08 3.4004e-08 2.8508e-08 2.4168e-08 2.0707e-08 1.7916e-08 1.564e-08 1.3766e-08 
1754.0 7.0789e-08 5.7564e-08 4.69e-08 3.8495e-08 3.1919e-08 2.6763e-08 2.2691e-08 1.9443e-08 1.6824e-08 1.4689e-08 1.2929e-08 
1789.4 6.6426e-08 5.4021e-08 4.4018e-08 3.6134e-08 2.9964e-08 2.5127e-08 2.1306e-08 1.8258e-08 1.58e-08 1.3796e-08 1.2144e-08 
1825.6 6.2335e-08 5.0698e-08 4.1315e-08 3.3919e-08 2.813e-08 2.3591e-08 2.0006e-08 1.7146e-08 1.4839e-08 1.2958e-08 1.1408e-08 
1862.5 5.8498e-08 4.7583e-08 3.8781e-08 3.1841e-08 2.641e-08 2.2151e-08 1.8787e-08 1.6102e-08 1.3937e-08 1.2172e-08 1.0717e-08 
1900.1 5.4901e-08 4.4661e-08 3.6403e-08 2.9893e-08 2.4797e-08 2.08e-08 1.7643e-08 1.5123e-08 1.3091e-08 1.1434e-08 1.0068e-08 
1938.5 5.1527e-08 4.1921e-08 3.4173e-08 2.8065e-08 2.3283e-08 1.9533e-08 1.6569e-08 1.4205e-08 1.2297e-08 1.0742e-08 9.4591e-09 
1977.6 4.8363e-08 3.9351e-08 3.2082e-08 2.635e-08 2.1863e-08 1.8344e-08 1.5562e-08 1.3343e-08 1.1552e-08 1.0092e-08 8.8877e-09 
2017.6 4.5395e-08 3.694e-08 3.012e-08 2.4742e-08 2.0531e-08 1.7228e-08 1.4617e-08 1.2534e-08 1.0853e-08 9.4819e-09 8.3514e-09 
2058.3 4.2612e-08 3.4679e-08 2.828e-08 2.3233e-08 1.9281e-08 1.6181e-08 1.3731e-08 1.1775e-08 1.0197e-08 8.9094e-09 7.8479e-09 
2099.9 4.0001e-08 3.2558e-08 2.6553e-08 2.1817e-08 1.8109e-08 1.5199e-08 1.2898e-08 1.1062e-08 9.5809e-09 8.3721e-09 7.3753e-09 
2142.4 3.7552e-08 3.0569e-08 2.4934e-08 2.0489e-08 1.7008e-08 1.4277e-08 1.2118e-08 1.0394e-08 9.0027e-09 7.8677e-09 6.9316e-09 
2185.6 3.5255e-08 2.8702e-08 2.3414e-08 1.9243e-08 1.5976e-08 1.3412e-08 1.1385e-08 9.7662e-09 8.46e-09 7.3941e-09 6.5151e-09 
2229.8 3.3101e-08 2.6951e-08 2.1989e-08 1.8073e-08 1.5007e-08 1.26e-08 1.0697e-08 9.177e-09 7.9505e-09 6.9496e-09 6.1239e-09 
2274.8 3.1079e-08 2.5308e-08 2.0651e-08 1.6976e-08 1.4097e-08 1.1838e-08 1.0051e-08 8.624e-09 7.4722e-09 6.5321e-09 5.7567e-09 
2320.8 2.9183e-08 2.3767e-08 1.9396e-08 1.5946e-08 1.3244e-08 1.1122e-08 9.4446e-09 8.1048e-09 7.0231e-09 6.1402e-09 5.4118e-09 
2367.7 2.7404e-08 2.2321e-08 1.8218e-08 1.498e-08 1.2443e-08 1.0451e-08 8.8755e-09 7.6173e-09 6.6014e-09 5.7721e-09 5.0879e-09 
2415.5 2.5734e-08 2.0964e-08 1.7112e-08 1.4073e-08 1.1691e-08 9.8205e-09 8.3412e-09 7.1596e-09 6.2054e-09 5.4264e-09 4.7837e-09 
2464.3 2.4168e-08 1.969e-08 1.6075e-08 1.3221e-08 1.0985e-08 9.2288e-09 7.8396e-09 6.7298e-09 5.8336e-09 5.1018e-09 4.498e-09 
2514.1 2.2698e-08 1.8495e-08 1.5101e-08 1.2422e-08 1.0322e-08 8.6733e-09 7.3686e-09 6.3263e-09 5.4844e-09 4.7969e-09 4.2296e-09 
2564.9 2.1319e-08 1.7373e-08 1.4187e-08 1.1672e-08 9.7004e-09 8.1517e-09 6.9264e-09 5.9473e-09 5.1564e-09 4.5106e-09 3.9775e-09 
2616.7 2.0024e-08 1.6321e-08 1.333e-08 1.0968e-08 9.1164e-09 7.662e-09 6.5111e-09 5.5913e-09 4.8484e-09 4.2416e-09 3.7407e-09 
2669.5 1.881e-08 1.5333e-08 1.2524e-08 1.0307e-08 8.5681e-09 7.2021e-09 6.121e-09 5.2571e-09 4.559e-09 3.9889e-09 3.5182e-09 
2723.5 1.767e-08 1.4405e-08 1.1769e-08 9.6862e-09 8.0533e-09 6.7703e-09 5.7548e-09 4.9431e-09 4.2872e-09 3.7515e-09 3.3092e-09 
2778.5 1.66e-08 1.3535e-08 1.1059e-08 9.1035e-09 7.5699e-09 6.3647e-09 5.4107e-09 4.6482e-09 4.0319e-09 3.5284e-09 3.1127e-09 
2834.6 1.5595e-08 1.2718e-08 1.0393e-08 8.5563e-09 7.1159e-09 5.9838e-09 5.0876e-09 4.3711e-09 3.792e-09 3.3189e-09 2.9282e-09 
2891.9 1.4653e-08 1.1951e-08 9.7675e-09 8.0426e-09 6.6896e-09 5.6261e-09 4.7841e-09 4.1108e-09 3.5667e-09 3.122e-09 2.7547e-09 
2950.3 1.3768e-08 1.1231e-08 9.1802e-09 7.5601e-09 6.2892e-09 5.2901e-09 4.499e-09 3.8663e-09 3.3549e-09 2.9369e-09 2.5917e-09 
3009.9 1.2937e-08 1.0554e-08 8.6288e-09 7.1071e-09 5.9132e-09 4.9745e-09 4.2311e-09 3.6366e-09 3.1559e-09 2.763e-09 2.4385e-09 
3070.7 1.2157e-08 9.9196e-09 8.111e-09 6.6816e-09 5.56e-09 4.678e-09 3.9794e-09 3.4207e-09 2.9689e-09 2.5996e-09 2.2945e-09 
3132.7 1.1425e-08 9.3235e-09 7.6247e-09 6.282e-09 5.2282e-09 4.3995e-09 3.743e-09 3.2178e-09 2.7932e-09 2.446e-09 2.1592e-09 
3196.0 1.0737e-08 8.7637e-09 7.1681e-09 5.9066e-09 4.9165e-09 4.1378e-09 3.5208e-09 3.0272e-09 2.628e-09 2.3016e-09 2.032e-09 
3260.6 1.0092e-08 8.2381e-09 6.7392e-09 5.554e-09 4.6237e-09 3.8919e-09 3.3121e-09 2.8481e-09 2.4728e-09 2.1659e-09 1.9123e-09 
3326.4 9.4856e-09 7.7445e-09 6.3363e-09 5.2228e-09 4.3486e-09 3.6609e-09 3.1159e-09 2.6797e-09 2.3269e-09 2.0384e-09 1.7999e-09 
3393.6 8.9164e-09 7.2808e-09 5.9579e-09 4.9117e-09 4.0902e-09 3.4438e-09 2.9315e-09 2.5214e-09 2.1897e-09 1.9184e-09 1.6942e-09 
3462.2 8.3819e-09 6.8454e-09 5.6025e-09 4.6194e-09 3.8473e-09 3.2398e-09 2.7582e-09 2.3727e-09 2.0608e-09 1.8056e-09 1.5947e-09 
3532.1 7.8798e-09 6.4364e-09 5.2685e-09 4.3447e-09 3.6191e-09 3.048e-09 2.5953e-09 2.2328e-09 1.9395e-09 1.6996e-09 1.5012e-09 
3603.5 7.4083e-09 6.0521e-09 4.9548e-09 4.0866e-09 3.4046e-09 2.8678e-09 2.4422e-09 2.1014e-09 1.8255e-09 1.5999e-09 1.4133e-09 
3676.3 6.9654e-09 5.6912e-09 4.6601e-09 3.8441e-09 3.2031e-09 2.6984e-09 2.2982e-09 1.9778e-09 1.7184e-09 1.5061e-09 1.3306e-09 
3750.6 6.5494e-09 5.3521e-09 4.3831e-09 3.6162e-09 3.0136e-09 2.5392e-09 2.1629e-09 1.8615e-09 1.6176e-09 1.4179e-09 1.2528e-09 
3826.3 6.1586e-09 5.0336e-09 4.1229e-09 3.4021e-09 2.8356e-09 2.3895e-09 2.0357e-09 1.7523e-09 1.5228e-09 1.335e-09 1.1797e-09 
3903.6 5.7915e-09 4.7343e-09 3.8784e-09 3.2008e-09 2.6682e-09 2.2488e-09 1.916e-09 1.6495e-09 1.4337e-09 1.257e-09 1.1109e-09 
3982.5 5.4466e-09 4.453e-09 3.6485e-09 3.0116e-09 2.5109e-09 2.1165e-09 1.8036e-09 1.5529e-09 1.3498e-09 1.1836e-09 1.0461e-09 
4062.9 5.1225e-09 4.1887e-09 3.4326e-09 2.8338e-09 2.363e-09 1.9921e-09 1.6978e-09 1.462e-09 1.271e-09 1.1146e-09 9.852e-10 
4145.0 4.818e-09 3.9404e-09 3.2296e-09 2.6666e-09 2.2239e-09 1.8751e-09 1.5983e-09 1.3765e-09 1.1968e-09 1.0496e-09 9.2789e-10 
4228.7 4.5319e-09 3.707e-09 3.0388e-09 2.5094e-09 2.0932e-09 1.7651e-09 1.5048e-09 1.2961e-09 1.127e-09 9.8854e-10 8.7396e-10 
4314.2 4.263e-09 3.4876e-09 2.8594e-09 2.3617e-09 1.9702e-09 1.6617e-09 1.4168e-09 1.2204e-09 1.0613e-09 9.3105e-10 8.2322e-10 
4401.3 4.0104e-09 3.2814e-09 2.6908e-09 2.2228e-09 1.8546e-09 1.5644e-09 1.334e-09 1.1493e-09 9.9957e-10 8.7696e-10 7.7546e-10 
4490.2 3.7729e-09 3.0876e-09 2.5323e-09 2.0922e-09 1.7459e-09 1.4729e-09 1.2561e-09 1.0823e-09 9.4145e-10 8.2605e-10 7.3052e-10 
4580.9 3.5497e-09 2.9054e-09 2.3832e-09 1.9694e-09 1.6437e-09 1.3868e-09 1.1829e-09 1.0193e-09 8.8676e-10 7.7814e-10 6.8822e-10 
4673.5 3.3399e-09 2.7342e-09 2.2431e-09 1.8539e-09 1.5475e-09 1.3059e-09 1.114e-09 9.6006e-10 8.3529e-10 7.3306e-10 6.484e-10 
4767.9 3.1427e-09 2.5731e-09 2.1114e-09 1.7452e-09 1.457e-09 1.2297e-09 1.0491e-09 9.0429e-10 7.8686e-10 6.9062e-10 6.1092e-10 
4864.2 2.9573e-09 2.4217e-09 1.9875e-09 1.6431e-09 1.372e-09 1.1581e-09 9.8814e-10 8.5181e-10 7.4127e-10 6.5067e-10 5.7564e-10 
4962.5 2.783e-09 2.2794e-09 1.8709e-09 1.547e-09 1.2919e-09 1.0907e-09 9.3073e-10 8.0242e-10 6.9837e-10 6.1307e-10 5.4243e-10 
5062.7 2.6192e-09 2.1455e-09 1.7614e-09 1.4566e-09 1.2166e-09 1.0272e-09 8.7671e-10 7.5593e-10 6.5798e-10 5.7767e-10 5.1115e-10 
5165.0 2.4651e-09 2.0197e-09 1.6583e-09 1.3716e-09 1.1458e-09 9.6754e-10 8.2587e-10 7.1218e-10 6.1996e-10 5.4435e-10 4.8171e-10 
5269.3 2.3203e-09 1.9013e-09 1.5613e-09 1.2916e-09 1.0791e-09 9.1137e-10 7.7802e-10 6.7099e-10 5.8417e-10 5.1297e-10 4.5398e-10 
5375.8 2.1841e-09 1.79e-09 1.4702e-09 1.2163e-09 1.0164e-09 8.5851e-10 7.3299e-10 6.3222e-10 5.5047e-10 4.8343e-10 4.2787e-10 
5484.4 2.056e-09 1.6852e-09 1.3844e-09 1.1455e-09 9.5735e-10 8.0876e-10 6.906e-10 5.9573e-10 5.1875e-10 4.5561e-10 4.0329e-10 
5595.2 1.9355e-09 1.5868e-09 1.3037e-09 1.0789e-09 9.0181e-10 7.6193e-10 6.5069e-10 5.6136e-10 4.8887e-10 4.2941e-10 3.8013e-10 
5708.2 1.8222e-09 1.4941e-09 1.2277e-09 1.0162e-09 8.4953e-10 7.1785e-10 6.1312e-10 5.2901e-10 4.6074e-10 4.0474e-10 3.5832e-10 
5823.5 1.7156e-09 1.4069e-09 1.1563e-09 9.5725e-10 8.0032e-10 6.7636e-10 5.7775e-10 4.9855e-10 4.3425e-10 3.8151e-10 3.3778e-10 
5941.2 1.6154e-09 1.3249e-09 1.0891e-09 9.0173e-10 7.5401e-10 6.373e-10 5.4445e-10 4.6986e-10 4.0931e-10 3.5962e-10 3.1843e-10 
6061.2 1.5211e-09 1.2478e-09 1.0258e-09 8.4947e-10 7.1041e-10 6.0053e-10 5.1309e-10 4.4285e-10 3.8581e-10 3.3901e-10 3.002e-10 
6183.6 1.4323e-09 1.1752e-09 9.6627e-10 8.0029e-10 6.6937e-10 5.6591e-10 4.8357e-10 4.1741e-10 3.6368e-10 3.1959e-10 2.8303e-10 
6308.5 1.3489e-09 1.1069e-09 9.1024e-10 7.54e-10 6.3074e-10 5.3331e-10 4.5576e-10 3.9345e-10 3.4284e-10 3.013e-10 2.6685e-10 
6436.0 1.2703e-09 1.0426e-09 8.5751e-10 7.1042e-10 5.9436e-10 5.0261e-10 4.2958e-10 3.7088e-10 3.232e-10 2.8407e-10 2.5161e-10 
6566.0 1.1964e-09 9.8209e-10 8.0787e-10 6.6939e-10 5.6011e-10 4.737e-10 4.0491e-10 3.4962e-10 3.047e-10 2.6783e-10 2.3724e-10 
6698.6 1.1269e-09 9.2515e-10 7.6115e-10 6.3076e-10 5.2785e-10 4.4648e-10 3.8168e-10 3.2959e-10 2.8728e-10 2.5253e-10 2.2371e-10 
6834.0 1.0615e-09 8.7156e-10 7.1716e-10 5.9439e-10 4.9748e-10 4.2084e-10 3.598e-10 3.1073e-10 2.7086e-10 2.3812e-10 2.1096e-10 
6972.0 9.9987e-10 8.2111e-10 6.7575e-10 5.6015e-10 4.6888e-10 3.9669e-10 3.3919e-10 2.9296e-10 2.5539e-10 2.2454e-10 1.9894e-10 
7112.9 9.419e-10 7.7362e-10 6.3676e-10 5.279e-10 4.4194e-10 3.7394e-10 3.1977e-10 2.7621e-10 2.4081e-10 2.1174e-10 1.8761e-10 
7256.6 8.8733e-10 7.2892e-10 6.0005e-10 4.9753e-10 4.1657e-10 3.5251e-10 3.0148e-10 2.6043e-10 2.2707e-10 1.9967e-10 1.7693e-10 
7403.1 8.3597e-10 6.8683e-10 5.6548e-10 4.6893e-10 3.9267e-10 3.3233e-10 2.8424e-10 2.4557e-10 2.1413e-10 1.883e-10 1.6687e-10 
7552.7 7.8762e-10 6.472e-10 5.3293e-10 4.4199e-10 3.7016e-10 3.1331e-10 2.68e-10 2.3156e-10 2.0193e-10 1.7759e-10 1.5739e-10 
7705.3 7.421e-10 6.0988e-10 5.0227e-10 4.1662e-10 3.4895e-10 2.9539e-10 2.527e-10 2.1836e-10 1.9043e-10 1.6749e-10 1.4844e-10 
7860.9 6.9925e-10 5.7475e-10 4.734e-10 3.9273e-10 3.2898e-10 2.7851e-10 2.3828e-10 2.0591e-10 1.796e-10 1.5797e-10 1.4002e-10 
8019.7 6.5891e-10 5.4166e-10 4.4621e-10 3.7022e-10 3.1016e-10 2.6261e-10 2.247e-10 1.9419e-10 1.6938e-10 1.49e-10 1.3207e-10 
8181.7 6.2092e-10 5.1051e-10 4.206e-10 3.4901e-10 2.9243e-10 2.4762e-10 2.1189e-10 1.8314e-10 1.5976e-10 1.4054e-10 1.2458e-10 
8347.0 5.8515e-10 4.8116e-10 3.9648e-10 3.2904e-10 2.7572e-10 2.335e-10 1.9983e-10 1.7272e-10 1.5068e-10 1.3256e-10 1.1752e-10 
8515.6 5.5147e-10 4.5353e-10 3.7376e-10 3.1022e-10 2.5998e-10 2.2019e-10 1.8845e-10 1.6291e-10 1.4213e-10 1.2505e-10 1.1086e-10 
8687.7 5.1976e-10 4.2751e-10 3.5236e-10 2.9249e-10 2.4515e-10 2.0765e-10 1.7773e-10 1.5365e-10 1.3406e-10 1.1796e-10 1.0458e-10 
8863.2 4.8989e-10 4.03e-10 3.322e-10 2.7579e-10 2.3117e-10 1.9583e-10 1.6763e-10 1.4493e-10 1.2646e-10 1.1128e-10 9.8665e-11 
9042.2 4.6177e-10 3.7991e-10 3.132e-10 2.6005e-10 2.18e-10 1.8469e-10 1.5811e-10 1.3671e-10 1.1929e-10 1.0498e-10 9.3084e-11 
9224.9 4.3528e-10 3.5816e-10 2.9531e-10 2.4522e-10 2.0559e-10 1.7419e-10 1.4914e-10 1.2896e-10 1.1254e-10 9.9037e-11 8.7821e-11 
9411.2 4.1033e-10 3.3768e-10 2.7845e-10 2.3125e-10 1.939e-10 1.643e-10 1.4067e-10 1.2165e-10 1.0617e-10 9.3436e-11 8.2859e-11 
9601.3 3.8683e-10 3.1838e-10 2.6257e-10 2.1808e-10 1.8287e-10 1.5497e-10 1.327e-10 1.1476e-10 1.0016e-10 8.8154e-11 7.8179e-11 
9795.3 3.6469e-10 3.0019e-10 2.476e-10 2.0567e-10 1.7248e-10 1.4617e-10 1.2518e-10 1.0826e-10 9.4496e-11 8.3173e-11 7.3765e-11 
9993.2 3.4383e-10 2.8305e-10 2.3349e-10 1.9397e-10 1.6269e-10 1.3788e-10 1.1809e-10 1.0214e-10 8.9155e-11 7.8476e-11 6.9602e-11 
10195.0 3.2417e-10 2.669e-10 2.2019e-10 1.8294e-10 1.5345e-10 1.3007e-10 1.114e-10 9.636e-11 8.4116e-11 7.4045e-11 6.5675e-11 
10401.0 3.0565e-10 2.5168e-10 2.0766e-10 1.7254e-10 1.4474e-10 1.227e-10 1.0509e-10 9.0911e-11 7.9364e-11 6.9865e-11 6.1971e-11 
10611.0 2.8819e-10 2.3733e-10 1.9584e-10 1.6274e-10 1.3653e-10 1.1574e-10 9.9147e-11 8.5772e-11 7.4882e-11 6.5923e-11 5.8476e-11 
10825.0 2.7173e-10 2.2381e-10 1.847e-10 1.535e-10 1.2879e-10 1.0919e-10 9.3538e-11 8.0924e-11 7.0654e-11 6.2203e-11 5.5179e-11 
11044.0 2.5622e-10 2.1105e-10 1.7419e-10 1.4478e-10 1.2148e-10 1.03e-10 8.8246e-11 7.6351e-11 6.6664e-11 5.8694e-11 5.2069e-11 
11267.0 2.4159e-10 1.9903e-10 1.6429e-10 1.3656e-10 1.146e-10 9.7172e-11 8.3255e-11 7.2037e-11 6.2901e-11 5.5383e-11 4.9134e-11 
