0.0001 423.05 342.71 278.09 227.28 187.63 156.62 132.21 112.79 97.181 84.489 74.061 
0.00010202 431.3 349.4 283.51 231.71 191.29 159.68 134.79 114.99 99.077 86.138 75.506 
0.00010408 439.72 356.22 289.04 236.23 195.02 162.8 137.42 117.24 101.01 87.819 76.98 
0.00010618 448.3 363.17 294.68 240.84 198.82 165.97 140.1 119.53 102.98 89.532 78.482 
0.00010833 457.04 370.25 300.43 245.54 202.7 169.21 142.84 121.86 104.99 91.279 80.013 
0.00011052 465.96 377.48 306.3 250.33 206.66 172.51 145.62 124.24 107.04 93.06 81.574 
0.00011275 475.05 384.84 312.27 255.21 210.69 175.88 148.46 126.66 109.13 94.876 83.166 
0.00011503 484.32 392.35 318.36 260.19 214.8 179.31 151.36 129.13 111.26 96.727 84.789 
0.00011735 493.77 400.01 324.57 265.27 218.99 182.81 154.31 131.65 113.43 98.615 86.443 
0.00011972 503.4 407.81 330.91 270.44 223.26 186.38 157.32 134.22 115.64 100.54 88.129 
0.00012214 513.22 415.76 337.36 275.72 227.62 190.01 160.39 136.84 117.9 102.5 89.849 
0.00012461 523.23 423.87 343.94 281.1 232.06 193.72 163.52 139.51 120.2 104.5 91.602 
0.00012712 533.44 432.14 350.65 286.58 236.59 197.5 166.71 142.23 122.54 106.54 93.389 
0.00012969 543.84 440.57 357.49 292.17 241.2 201.35 169.96 145.0 124.93 108.62 95.211 
0.00013231 554.45 449.16 364.46 297.87 245.91 205.28 173.28 147.83 127.37 110.74 97.068 
0.00013499 565.26 457.93 371.57 303.68 250.7 209.28 176.66 150.71 129.85 112.9 98.961 
0.00013771 576.29 466.86 378.82 309.6 255.59 213.36 180.1 153.65 132.39 115.1 100.89 
0.00014049 587.52 475.96 386.21 315.64 260.58 217.52 183.62 156.65 134.97 117.34 102.86 
0.00014333 598.98 485.24 393.74 321.8 265.66 221.77 187.2 159.71 137.6 119.63 104.87 
0.00014623 610.66 494.71 401.42 328.07 270.84 226.09 190.85 162.82 140.29 121.96 106.91 
0.00014918 622.57 504.35 409.25 334.47 276.12 230.5 194.57 166.0 143.02 124.34 109.0 
0.0001522 634.71 514.19 417.23 340.99 281.51 235.0 198.37 169.23 145.81 126.77 111.12 
0.00015527 647.09 524.21 425.36 347.64 287.0 239.58 202.23 172.53 148.65 129.24 113.29 
0.00015841 659.7 534.43 433.66 354.42 292.59 244.25 206.18 175.9 151.55 131.76 115.5 
0.00016161 672.56 544.85 442.11 361.33 298.3 249.01 210.2 179.33 154.51 134.33 117.75 
0.00016487 685.68 555.48 450.73 368.38 304.11 253.87 214.3 182.83 157.52 136.95 120.05 
0.0001682 699.04 566.31 459.52 375.56 310.04 258.82 218.48 186.39 160.59 139.62 122.39 
0.0001716 712.67 577.34 468.48 382.88 316.09 263.86 222.73 190.02 163.72 142.34 124.77 
0.00017507 726.56 588.6 477.61 390.34 322.25 269.01 227.08 193.73 166.92 145.12 127.21 
0.0001786 740.72 600.07 486.92 397.95 328.53 274.25 231.5 197.51 170.17 147.95 129.69 
0.00018221 755.16 611.77 496.41 405.71 334.93 279.6 236.02 201.36 173.49 150.83 132.22 
0.00018589 769.87 623.69 506.08 413.62 341.46 285.05 240.62 205.28 176.87 153.77 134.79 
0.00018965 784.87 635.84 515.94 421.68 348.12 290.6 245.31 209.28 180.32 156.77 137.42 
0.00019348 800.17 648.23 526.0 429.9 354.9 296.27 250.09 213.36 183.83 159.82 140.1 
0.00019739 815.76 660.86 536.25 438.27 361.82 302.04 254.96 217.52 187.41 162.94 142.83 
0.00020138 831.65 673.74 546.7 446.81 368.87 307.92 259.93 221.76 191.07 166.11 145.61 
0.00020544 847.85 686.86 557.35 455.52 376.05 313.92 264.99 226.08 194.79 169.35 148.45 
0.00020959 864.37 700.24 568.2 464.39 383.38 320.04 270.16 230.48 198.58 172.65 151.34 
0.00021383 881.2 713.88 579.27 473.44 390.85 326.28 275.42 234.97 202.45 176.02 154.29 
0.00021815 898.36 727.79 590.55 482.66 398.46 332.63 280.79 239.55 206.4 179.44 157.3 
0.00022255 915.86 741.96 602.06 492.06 406.22 339.11 286.26 244.22 210.42 182.94 160.36 
0.00022705 933.69 756.41 613.78 501.64 414.14 345.72 291.83 248.97 214.52 186.5 163.49 
0.00023164 951.87 771.14 625.73 511.41 422.2 352.45 297.51 253.82 218.69 190.14 166.67 
0.00023632 970.4 786.15 637.91 521.37 430.42 359.31 303.31 258.77 222.95 193.84 169.92 
0.00024109 989.29 801.45 650.33 531.52 438.8 366.31 309.21 263.81 227.3 197.61 173.23 
0.00024596 1008.5 817.05 662.99 541.86 447.34 373.44 315.23 268.94 231.72 201.46 176.6 
0.00025093 1028.2 832.95 675.89 552.41 456.05 380.71 321.37 274.18 236.23 205.39 180.04 
0.000256 1048.2 849.16 689.05 563.16 464.93 388.12 327.63 279.51 240.83 209.38 183.54 
0.00026117 1068.6 865.68 702.46 574.12 473.97 395.67 334.0 284.96 245.52 213.46 187.12 
0.00026645 1089.4 882.52 716.12 585.29 483.2 403.37 340.5 290.5 250.3 217.61 190.76 
0.00027183 1110.5 899.69 730.05 596.68 492.6 411.22 347.13 296.15 255.17 221.85 194.47 
0.00027732 1132.1 917.19 744.25 608.28 502.18 419.22 353.88 301.92 260.13 226.17 198.25 
0.00028292 1154.2 935.02 758.73 620.12 511.95 427.37 360.77 307.79 265.19 230.57 202.11 
0.00028864 1176.6 953.2 773.48 632.17 521.9 435.69 367.78 313.78 270.35 235.05 206.04 
0.00029447 1199.5 971.74 788.52 644.47 532.05 444.16 374.94 319.88 275.61 239.62 210.05 
0.00030042 1222.8 990.62 803.85 656.99 542.4 452.79 382.23 326.1 280.97 244.28 214.14 
0.00030649 1246.5 1009.9 819.47 669.76 552.94 461.6 389.66 332.44 286.43 249.03 218.3 
0.00031268 1270.8 1029.5 835.39 682.78 563.69 470.57 397.23 338.9 292.0 253.88 222.55 
0.00031899 1295.4 1049.5 851.62 696.05 574.64 479.71 404.95 345.49 297.68 258.81 226.87 
0.00032544 1320.6 1069.9 868.17 709.57 585.8 489.03 412.82 352.2 303.46 263.84 231.28 
0.00033201 1346.2 1090.7 885.03 723.35 597.18 498.53 420.84 359.05 309.36 268.97 235.78 
0.00033872 1372.4 1111.8 902.21 737.4 608.78 508.22 429.01 366.02 315.37 274.19 240.36 
0.00034556 1399.0 1133.4 919.72 751.71 620.6 518.08 437.35 373.13 321.5 279.52 245.03 
0.00035254 1426.2 1155.4 937.58 766.3 632.65 528.14 445.84 380.38 327.74 284.95 249.79 
0.00035966 1453.8 1177.8 955.77 781.18 644.93 538.39 454.49 387.76 334.1 290.48 254.64 
0.00036693 1482.0 1200.7 974.31 796.33 657.44 548.84 463.31 395.29 340.59 296.12 259.58 
0.00037434 1510.8 1224.0 993.21 811.78 670.2 559.49 472.3 402.96 347.2 301.87 264.62 
0.0003819 1540.1 1247.7 1012.5 827.52 683.19 570.34 481.46 410.77 353.93 307.73 269.75 
0.00038962 1569.9 1271.9 1032.1 843.56 696.44 581.4 490.8 418.74 360.8 313.69 274.99 
0.00039749 1600.3 1296.5 1052.1 859.91 709.94 592.67 500.32 426.86 367.8 319.78 280.32 
0.00040552 1631.3 1321.6 1072.5 876.58 723.7 604.16 510.02 435.14 374.93 325.98 285.76 
0.00041371 1662.9 1347.2 1093.3 893.56 737.72 615.87 519.9 443.57 382.2 332.3 291.3 
0.00042207 1695.1 1373.3 1114.4 910.86 752.01 627.8 529.97 452.16 389.6 338.74 296.94 
0.0004306 1727.9 1399.9 1136.0 928.5 766.57 639.96 540.24 460.92 397.15 345.3 302.7 
0.00043929 1761.3 1427.0 1158.0 946.47 781.41 652.34 550.7 469.85 404.84 351.99 308.56 
0.00044817 1795.4 1454.6 1180.4 964.78 796.53 664.97 561.36 478.94 412.68 358.8 314.54 
0.00045722 1830.1 1482.7 1203.2 983.44 811.94 677.83 572.22 488.21 420.66 365.75 320.63 
0.00046646 1865.5 1511.4 1226.5 1002.5 827.64 690.94 583.28 497.66 428.8 372.83 326.83 
0.00047588 1901.5 1540.6 1250.2 1021.8 843.63 704.3 594.56 507.28 437.1 380.04 333.15 
0.0004855 1938.2 1570.3 1274.3 1041.6 859.94 717.91 606.05 517.09 445.55 387.39 339.6 
0.0004953 1975.7 1600.6 1298.9 1061.7 876.55 731.78 617.76 527.08 454.16 394.87 346.16 
0.00050531 2013.8 1631.5 1324.0 1082.2 893.47 745.91 629.7 537.26 462.93 402.5 352.85 
0.00051552 2052.6 1663.0 1349.5 1103.1 910.71 760.31 641.85 547.63 471.87 410.28 359.67 
0.00052593 2092.2 1695.1 1375.6 1124.3 928.28 774.98 654.24 558.2 480.98 418.2 366.61 
0.00053656 2132.5 1727.7 1402.1 1146.0 946.18 789.93 666.86 568.97 490.26 426.27 373.69 
0.00054739 2173.6 1761.0 1429.1 1168.1 964.42 805.15 679.72 579.94 499.72 434.49 380.9 
0.00055845 2215.4 1794.9 1456.6 1190.6 983.0 820.67 692.82 591.12 509.35 442.87 388.24 
0.00056973 2258.1 1829.5 1484.7 1213.5 1001.9 836.47 706.16 602.51 519.17 451.41 395.72 
0.00058124 2301.5 1864.7 1513.2 1236.9 1021.2 852.58 719.76 614.11 529.16 460.1 403.35 
0.00059299 2345.8 1900.5 1542.3 1260.7 1040.9 868.98 733.61 625.93 539.35 468.96 411.12 
0.00060496 2390.8 1937.1 1572.0 1284.9 1060.9 885.69 747.72 637.97 549.73 477.98 419.03 
0.00061719 2436.7 1974.3 1602.2 1309.6 1081.3 902.71 762.09 650.24 560.3 487.18 427.09 
0.00062965 2483.5 2012.1 1632.9 1334.7 1102.0 920.05 776.73 662.73 571.07 496.54 435.3 
0.00064237 2531.1 2050.7 1664.2 1360.3 1123.2 937.71 791.65 675.46 582.04 506.08 443.66 
0.00065535 2579.7 2090.1 1696.2 1386.4 1144.7 955.7 806.84 688.43 593.21 515.8 452.18 
0.00066859 2629.1 2130.1 1728.7 1413.0 1166.7 974.03 822.31 701.63 604.59 525.69 460.86 
0.0006821 2679.4 2170.9 1761.8 1440.1 1189.0 992.69 838.07 715.08 616.18 535.78 469.7 
0.00069588 2730.7 2212.4 1795.5 1467.6 1211.8 1011.7 854.12 728.78 627.99 546.04 478.7 
0.00070993 2782.9 2254.7 1829.8 1495.7 1235.0 1031.1 870.47 742.73 640.01 556.5 487.87 
0.00072427 2836.1 2297.8 1864.8 1524.3 1258.6 1050.8 887.12 756.94 652.26 567.15 497.21 
0.00073891 2890.2 2341.7 1900.4 1553.4 1282.6 1070.9 904.07 771.41 664.73 577.99 506.72 
0.00075383 2945.4 2386.4 1936.7 1583.1 1307.1 1091.3 921.34 786.14 677.43 589.04 516.41 
0.00076906 3001.5 2431.9 1973.6 1613.3 1332.0 1112.1 938.92 801.15 690.36 600.29 526.27 
0.0007846 3058.7 2478.2 2011.2 1644.0 1357.4 1133.3 956.82 816.43 703.53 611.74 536.31 
0.00080045 3116.9 2525.4 2049.5 1675.3 1383.3 1154.9 975.05 831.99 716.94 623.4 546.54 
0.00081662 3176.2 2573.5 2088.5 1707.2 1409.6 1176.9 993.62 847.83 730.6 635.28 556.95 
0.00083311 3236.6 2622.4 2128.2 1739.6 1436.4 1199.3 1012.5 863.96 744.5 647.37 567.56 
0.00084994 3298.0 2672.2 2168.6 1772.7 1463.7 1222.1 1031.8 880.38 758.65 659.68 578.35 
0.00086711 3360.6 2722.9 2209.8 1806.3 1491.5 1245.3 1051.3 897.1 773.06 672.22 589.34 
0.00088463 3424.3 2774.5 2251.7 1840.6 1519.8 1268.9 1071.3 914.12 787.73 684.97 600.53 
0.0009025 3489.1 2827.0 2294.3 1875.4 1548.5 1292.9 1091.6 931.45 802.67 697.96 611.92 
0.00092073 3555.1 2880.5 2337.7 1910.9 1577.9 1317.4 1112.3 949.09 817.87 711.19 623.51 
0.00093933 3622.3 2934.9 2381.9 1947.1 1607.7 1342.3 1133.3 967.04 833.35 724.64 635.32 
0.00095831 3690.7 2990.3 2426.9 1983.8 1638.1 1367.7 1154.7 985.31 849.1 738.34 647.33 
0.00097767 3760.3 3046.7 2472.7 2021.3 1669.0 1393.5 1176.5 1003.9 865.13 752.29 659.56 
0.00099742 3831.1 3104.2 2519.2 2059.3 1700.4 1419.8 1198.7 1022.8 881.44 766.48 672.0 
0.0010176 3903.2 3162.6 2566.7 2098.1 1732.4 1446.5 1221.3 1042.1 898.05 780.92 684.66 
0.0010381 3976.6 3222.0 2614.9 2137.6 1765.0 1473.7 1244.2 1061.7 914.95 795.62 697.55 
0.0010591 4051.3 3282.5 2664.0 2177.7 1798.2 1501.4 1267.6 1081.7 932.14 810.57 710.67 
0.0010805 4127.2 3344.1 2714.0 2218.6 1831.9 1529.5 1291.4 1102.0 949.64 825.79 724.01 
0.0011023 4204.6 3406.7 2764.8 2260.1 1866.2 1558.2 1315.6 1122.6 967.45 841.28 737.59 
0.0011246 4283.2 3470.5 2816.6 2302.4 1901.1 1587.4 1340.2 1143.6 985.56 857.03 751.41 
0.0011473 4363.2 3535.3 2869.2 2345.4 1936.7 1617.0 1365.3 1165.0 1004.0 873.06 765.46 
0.0011705 4444.7 3601.3 2922.7 2389.2 1972.8 1647.2 1390.8 1186.8 1022.7 889.37 779.76 
0.0011941 4527.5 3668.4 2977.2 2433.7 2009.6 1677.9 1416.7 1208.9 1041.8 905.96 794.31 
0.0012182 4611.7 3736.7 3032.6 2479.0 2047.0 1709.2 1443.1 1231.4 1061.2 922.83 809.11 
0.0012429 4697.4 3806.1 3089.0 2525.1 2085.0 1740.9 1469.9 1254.3 1080.9 939.99 824.15 
0.001268 4784.6 3876.7 3146.3 2572.0 2123.7 1773.2 1497.2 1277.6 1101.0 957.45 839.46 
0.0012936 4873.2 3948.5 3204.6 2619.6 2163.1 1806.1 1524.9 1301.3 1121.4 975.2 855.03 
0.0013197 4963.3 4021.6 3263.9 2668.1 2203.1 1839.5 1553.2 1325.4 1142.2 993.25 870.86 
0.0013464 5055.0 4095.9 3324.1 2717.4 2243.8 1873.5 1581.8 1349.8 1163.3 1011.6 886.95 
0.0013736 5148.2 4171.4 3385.4 2767.5 2285.2 1908.1 1611.0 1374.7 1184.7 1030.3 903.32 
0.0014013 5243.0 4248.2 3447.8 2818.4 2327.3 1943.2 1640.7 1400.1 1206.6 1049.2 919.96 
0.0014296 5339.3 4326.2 3511.1 2870.2 2370.0 1978.9 1670.8 1425.8 1228.7 1068.5 936.88 
0.0014585 5437.2 4405.6 3575.5 2922.9 2413.5 2015.2 1701.5 1452.0 1251.3 1088.1 954.07 
0.001488 5536.8 4486.2 3641.0 2976.4 2457.7 2052.1 1732.7 1478.6 1274.2 1108.1 971.55 
0.001518 5638.0 4568.2 3707.5 3030.8 2502.6 2089.6 1764.3 1505.6 1297.5 1128.3 989.32 
0.0015487 5740.8 4651.6 3775.2 3086.1 2548.3 2127.8 1796.5 1533.1 1321.2 1148.9 1007.4 
0.00158 5845.3 4736.2 3843.9 3142.3 2594.7 2166.5 1829.2 1561.0 1345.3 1169.9 1025.7 
0.0016119 5951.5 4822.3 3913.8 3199.4 2641.8 2205.9 1862.5 1589.4 1369.7 1191.1 1044.4 
0.0016445 6059.4 4909.7 3984.7 3257.4 2689.7 2245.9 1896.3 1618.2 1394.6 1212.7 1063.3 
0.0016777 6169.1 4998.6 4056.8 3316.3 2738.4 2286.5 1930.6 1647.5 1419.8 1234.7 1082.6 
0.0017116 6280.5 5088.8 4130.1 3376.2 2787.9 2327.8 1965.5 1677.2 1445.4 1257.0 1102.1 
0.0017462 6393.6 5180.5 4204.5 3437.0 2838.1 2369.7 2000.9 1707.4 1471.5 1279.6 1122.0 
0.0017814 6508.5 5273.6 4280.0 3498.8 2889.1 2412.3 2036.8 1738.1 1497.9 1302.7 1142.2 
0.0018174 6625.2 5368.1 4356.8 3561.5 2940.9 2455.6 2073.4 1769.3 1524.8 1326.0 1162.7 
0.0018541 6743.7 5464.2 4434.7 3625.2 2993.5 2499.5 2110.5 1801.0 1552.1 1349.7 1183.5 
0.0018916 6864.0 5561.6 4513.8 3689.9 3046.9 2544.1 2148.1 1833.1 1579.8 1373.8 1204.6 
0.0019298 6986.1 5660.6 4594.2 3755.6 3101.2 2589.4 2186.4 1865.7 1607.9 1398.3 1226.0 
0.0019688 7110.2 5761.1 4675.7 3822.3 3156.2 2635.4 2225.2 1898.9 1636.5 1423.1 1247.8 
0.0020086 7236.0 5863.1 4758.5 3889.9 3212.1 2682.0 2264.6 1932.5 1665.4 1448.3 1269.9 
0.0020491 7363.8 5966.6 4842.5 3958.6 3268.8 2729.4 2304.6 1966.6 1694.9 1473.9 1292.3 
0.0020905 7493.4 6071.7 4927.8 4028.3 3326.4 2777.5 2345.1 2001.2 1724.7 1499.9 1315.1 
0.0021328 7625.0 6178.3 5014.3 4099.0 3384.8 2826.2 2386.3 2036.4 1755.0 1526.2 1338.2 
0.0021758 7758.4 6286.4 5102.0 4170.8 3444.0 2875.7 2428.1 2072.0 1785.7 1552.9 1361.6 
0.0022198 7893.8 6396.1 5191.1 4243.6 3504.1 2925.9 2470.5 2108.2 1816.9 1580.0 1385.4 
0.0022646 8031.2 6507.4 5281.4 4317.4 3565.1 2976.8 2513.5 2144.9 1848.5 1607.5 1409.5 
0.0023104 8170.4 6620.2 5373.0 4392.3 3626.9 3028.4 2557.1 2182.1 1880.6 1635.4 1434.0 
0.0023571 8311.7 6734.7 5465.9 4468.2 3689.6 3080.8 2601.3 2219.8 1913.1 1663.7 1458.8 
0.0024047 8454.9 6850.7 5560.0 4545.2 3753.2 3133.9 2646.1 2258.1 1946.1 1692.4 1483.9 
0.0024533 8600.0 6968.3 5655.5 4623.2 3817.6 3187.7 2691.5 2296.8 1979.5 1721.4 1509.4 
0.0025028 8747.1 7087.5 5752.3 4702.3 3883.0 3242.2 2737.6 2336.1 2013.3 1750.9 1535.2 
0.0025534 8896.2 7208.3 5850.3 4782.5 3949.2 3297.5 2784.2 2376.0 2047.7 1780.7 1561.4 
0.002605 9047.3 7330.8 5949.7 4863.7 4016.2 3353.5 2831.5 2416.3 2082.5 1811.0 1587.9 
0.0026576 9200.4 7454.8 6050.3 4946.0 4084.2 3410.3 2879.4 2457.2 2117.7 1841.6 1614.8 
0.0027113 9355.5 7580.4 6152.3 5029.4 4153.0 3467.7 2928.0 2498.6 2153.4 1872.7 1642.0 
0.002766 9512.5 7707.7 6255.6 5113.8 4222.7 3526.0 2977.1 2540.6 2189.6 1904.1 1669.6 
0.0028219 9671.5 7836.5 6360.2 5199.3 4293.3 3584.9 3026.9 2583.1 2226.2 1936.0 1697.5 
0.0028789 9832.6 7967.0 6466.1 5285.9 4364.8 3644.6 3077.3 2626.1 2263.2 1968.2 1725.8 
0.0029371 9995.6 8099.1 6573.3 5373.5 4437.2 3705.0 3128.3 2669.6 2300.8 2000.9 1754.4 
0.0029964 10161.0 8232.8 6681.8 5462.2 4510.4 3766.2 3180.0 2713.7 2338.7 2033.9 1783.4 
0.0030569 10328.0 8368.1 6791.6 5552.0 4584.6 3828.1 3232.2 2758.3 2377.2 2067.3 1812.7 
0.0031187 10496.0 8505.0 6902.7 5642.8 4659.6 3890.7 3285.1 2803.4 2416.1 2101.1 1842.3 
0.0031817 10667.0 8643.4 7015.0 5734.7 4735.4 3954.0 3338.6 2849.1 2455.4 2135.3 1872.3 
0.003246 10840.0 8783.4 7128.7 5827.6 4812.1 4018.1 3392.7 2895.2 2495.2 2169.9 1902.7 
0.0033115 11015.0 8925.0 7243.6 5921.5 4889.7 4082.9 3447.4 2941.9 2535.4 2204.9 1933.3 
0.0033784 11192.0 9068.2 7359.8 6016.5 4968.1 4148.4 3502.7 2989.1 2576.1 2240.3 1964.3 
0.0034467 11370.0 9212.8 7477.2 6112.5 5047.4 4214.5 3558.6 3036.8 2617.2 2276.0 1995.7 
0.0035163 11550.0 9359.0 7595.8 6209.4 5127.5 4281.4 3615.0 3085.0 2658.7 2312.2 2027.4 
0.0035874 11733.0 9506.7 7715.7 6307.4 5208.4 4349.0 3672.1 3133.7 2700.7 2348.7 2059.4 
0.0036598 11917.0 9655.9 7836.8 6406.4 5290.1 4417.2 3729.7 3182.8 2743.1 2385.5 2091.7 
0.0037338 12103.0 9806.5 7959.0 6506.4 5372.7 4486.1 3787.9 3232.5 2785.9 2422.7 2124.3 
0.0038092 12290.0 9958.6 8082.4 6607.3 5456.0 4555.7 3846.6 3282.6 2829.1 2460.3 2157.3 
0.0038861 12480.0 10112.0 8207.0 6709.1 5540.1 4625.9 3905.9 3333.2 2872.7 2498.2 2190.5 
0.0039646 12671.0 10267.0 8332.7 6811.9 5624.9 4696.8 3965.8 3384.3 2916.7 2536.5 2224.1 
0.0040447 12864.0 10423.0 8459.6 6915.6 5710.6 4768.3 4026.1 3435.8 2961.1 2575.1 2257.9 
0.0041264 13058.0 10581.0 8587.5 7020.1 5796.9 4840.4 4087.0 3487.8 3005.9 2614.1 2292.1 
0.0042098 13255.0 10740.0 8716.5 7125.6 5884.0 4913.1 4148.4 3540.2 3051.0 2653.3 2326.5 
0.0042948 13452.0 10900.0 8846.5 7231.9 5971.8 4986.4 4210.3 3593.0 3096.5 2692.9 2361.2 
0.0043816 13651.0 11061.0 8977.5 7339.0 6060.2 5060.3 4272.7 3646.2 3142.4 2732.8 2396.2 
0.0044701 13852.0 11224.0 9109.6 7446.9 6149.3 5134.7 4335.5 3699.8 3188.6 2773.0 2431.4 
0.0045604 14055.0 11388.0 9242.6 7555.7 6239.1 5209.7 4398.8 3753.8 3235.2 2813.5 2466.9 
0.0046525 14257.0 11552.0 9375.9 7664.7 6329.2 5284.9 4462.4 3808.1 3282.0 2854.2 2502.6 
0.0047465 14462.0 11718.0 9510.8 7774.9 6420.2 5360.9 4526.5 3862.8 3329.1 2895.2 2538.6 
0.0048424 14674.0 11889.0 9648.9 7887.5 6512.9 5438.1 4591.6 3918.3 3376.9 2936.7 2574.9 
0.0049402 14872.0 12051.0 9781.1 7996.1 6603.1 5513.7 4655.6 3973.0 3424.1 2977.8 2611.1 
0.00504 15047.0 12197.0 9902.9 8097.9 6688.6 5586.1 4717.4 4026.3 3470.3 3018.2 2646.7 
0.0051419 15236.0 12353.0 10032.0 8204.5 6777.5 5660.9 4781.0 4080.8 3517.5 3059.4 2682.9 
0.0052457 15449.0 12526.0 10171.0 8318.5 6871.5 5739.3 4847.2 4137.2 3566.1 3101.7 2719.9 
0.0053517 15661.0 12697.0 10311.0 8432.3 6965.5 5817.8 4913.4 4193.7 3614.8 3144.0 2757.0 
0.0054598 15870.0 12867.0 10449.0 8545.4 7059.0 5896.0 4979.5 4250.2 3663.5 3186.4 2794.2 
0.0055701 16081.0 13038.0 10588.0 8659.3 7153.2 5974.7 5046.0 4306.9 3712.5 3229.0 2831.5 
0.0056826 16293.0 13210.0 10728.0 8773.7 7247.7 6053.7 5112.7 4363.9 3761.6 3271.7 2869.0 
0.0057974 16505.0 13383.0 10868.0 8888.3 7342.4 6132.8 5179.6 4421.0 3810.8 3314.5 2906.6 
0.0059145 16718.0 13555.0 11008.0 9003.1 7437.3 6212.1 5246.6 4478.2 3860.1 3357.4 2944.2 
0.006034 16931.0 13728.0 11148.0 9118.2 7532.4 6291.6 5313.7 4535.6 3909.6 3400.4 2981.9 
0.0061559 17144.0 13901.0 11289.0 9233.3 7627.6 6371.1 5380.9 4593.0 3959.0 3443.5 3019.7 
0.0062803 17358.0 14074.0 11430.0 9348.6 7722.9 6450.8 5448.2 4650.4 4008.6 3486.6 3057.5 
0.0064072 17571.0 14248.0 11571.0 9463.8 7818.2 6530.4 5515.5 4707.9 4058.1 3529.7 3095.3 
0.0065366 17784.0 14421.0 11711.0 9579.1 7913.4 6610.0 5582.8 4765.3 4107.7 3572.8 3133.1 
0.0066686 17997.0 14594.0 11852.0 9694.2 8008.6 6689.5 5650.0 4822.7 4157.1 3615.8 3170.9 
0.0068033 18210.0 14766.0 11992.0 9809.1 8103.6 6769.0 5717.1 4880.0 4206.6 3658.8 3208.6 
0.0069408 18422.0 14939.0 12133.0 9923.8 8198.5 6848.2 5784.1 4937.2 4255.9 3701.7 3246.2 
0.007081 18634.0 15110.0 12272.0 10038.0 8293.1 6927.3 5850.9 4994.3 4305.1 3744.5 3283.8 
0.007224 18844.0 15282.0 12412.0 10152.0 8387.3 7006.1 5917.5 5051.1 4354.1 3787.2 3321.2 
0.00737 19054.0 15452.0 12550.0 10266.0 8481.2 7084.6 5983.8 5107.7 4402.9 3829.7 3358.4 
0.0075189 19263.0 15622.0 12688.0 10379.0 8574.6 7162.7 6049.8 5164.1 4451.5 3872.0 3395.5 
0.0076708 19471.0 15790.0 12825.0 10491.0 8667.5 7240.3 6115.5 5220.2 4499.9 3914.0 3432.4 
0.0078257 19677.0 15958.0 12962.0 10603.0 8759.9 7317.5 6180.7 5275.9 4547.9 3955.9 3469.1 
0.0079838 19882.0 16124.0 13097.0 10714.0 8851.5 7394.2 6245.5 5331.2 4595.7 3997.4 3505.5 
0.0081451 20085.0 16289.0 13231.0 10824.0 8942.5 7470.2 6309.7 5386.1 4643.0 4038.6 3541.7 
0.0083096 20287.0 16453.0 13364.0 10933.0 9032.6 7545.6 6373.4 5440.5 4689.9 4079.4 3577.5 
0.0084775 20486.0 16615.0 13496.0 11040.0 9121.9 7620.2 6436.5 5494.4 4736.4 4119.8 3613.0 
0.0086488 20683.0 16775.0 13626.0 11147.0 9210.2 7694.0 6498.9 5547.7 4782.4 4159.8 3648.0 
0.0088235 20877.0 16933.0 13755.0 11253.0 9297.4 7767.0 6560.6 5600.4 4827.8 4199.4 3682.7 
0.0090017 21069.0 17089.0 13882.0 11357.0 9383.5 7839.0 6621.5 5652.4 4872.6 4238.4 3717.0 
0.0091836 21259.0 17243.0 14007.0 11459.0 9468.4 7909.9 6681.5 5703.6 4916.8 4276.9 3750.7 
0.0093691 21445.0 17394.0 14130.0 11560.0 9551.9 7979.8 6740.5 5754.1 4960.4 4314.7 3784.0 
0.0095583 21628.0 17543.0 14252.0 11659.0 9634.1 8048.5 6798.6 5803.7 5003.2 4352.0 3816.6 
0.0097514 21807.0 17689.0 14370.0 11757.0 9714.7 8116.0 6855.7 5852.5 5045.2 4388.6 3848.7 
0.0099484 21983.0 17832.0 14487.0 11852.0 9793.8 8182.1 6911.6 5900.2 5086.4 4424.5 3880.2 
0.010149 22155.0 17972.0 14601.0 11946.0 9871.1 8246.8 6966.3 5947.0 5126.8 4459.6 3911.0 
0.010354 22323.0 18109.0 14712.0 12037.0 9946.7 8310.0 7019.8 5992.7 5166.2 4493.9 3941.1 
0.010564 22487.0 18242.0 14821.0 12126.0 10020.0 8371.7 7071.9 6037.2 5204.6 4527.3 3970.5 
0.010777 22646.0 18371.0 14926.0 12213.0 10092.0 8431.6 7122.6 6080.6 5242.0 4559.9 3999.0 
0.010995 22801.0 18497.0 15029.0 12297.0 10162.0 8489.8 7171.9 6122.6 5278.3 4591.5 4026.8 
0.011217 22950.0 18619.0 15128.0 12378.0 10229.0 8546.1 7219.5 6163.4 5313.5 4622.1 4053.6 
0.011443 23094.0 18736.0 15223.0 12456.0 10294.0 8600.5 7265.5 6202.7 5347.4 4651.6 4079.5 
0.011675 23232.0 18849.0 15315.0 12532.0 10356.0 8652.9 7309.8 6240.6 5380.1 4680.1 4104.5 
0.01191 23365.0 18957.0 15403.0 12604.0 10416.0 8703.1 7352.3 6276.9 5411.5 4707.4 4128.5 
0.012151 23492.0 19060.0 15487.0 12673.0 10474.0 8751.1 7392.9 6311.6 5441.4 4733.5 4151.4 
0.012397 23612.0 19158.0 15567.0 12739.0 10528.0 8796.7 7431.6 6344.7 5470.0 4758.3 4173.2 
0.012647 23725.0 19251.0 15643.0 12801.0 10580.0 8839.9 7468.2 6376.0 5497.0 4781.8 4193.9 
0.012902 23832.0 19338.0 15714.0 12860.0 10628.0 8880.6 7502.6 6405.4 5522.4 4804.0 4213.3 
0.013163 23932.0 19419.0 15781.0 12914.0 10674.0 8918.7 7534.9 6433.0 5546.2 4824.8 4231.5 
0.013429 24024.0 19495.0 15843.0 12965.0 10716.0 8954.0 7564.8 6458.7 5568.4 4844.0 4248.5 
0.0137 24109.0 19564.0 15899.0 13012.0 10754.0 8986.5 7592.4 6482.2 5588.8 4861.8 4264.1 
0.013977 24186.0 19627.0 15951.0 13054.0 10790.0 9016.1 7617.4 6503.7 5607.3 4878.0 4278.3 
0.014259 24254.0 19683.0 15997.0 13092.0 10821.0 9042.6 7640.0 6523.0 5624.0 4892.5 4291.0 
0.014547 24315.0 19732.0 16037.0 13126.0 10849.0 9066.0 7659.8 6540.0 5638.7 4905.4 4302.3 
0.014841 24366.0 19774.0 16072.0 13154.0 10873.0 9086.2 7677.0 6554.8 5651.5 4916.5 4312.1 
0.015141 24409.0 19809.0 16101.0 13178.0 10893.0 9103.1 7691.3 6567.1 5662.1 4925.8 4320.3 
0.015447 24442.0 19837.0 16124.0 13197.0 10909.0 9116.5 7702.8 6576.9 5670.7 4933.3 4326.9 
0.015759 24466.0 19857.0 16140.0 13211.0 10921.0 9126.4 7711.3 6584.2 5677.0 4938.8 4331.8 
0.016077 24480.0 19869.0 16150.0 13220.0 10928.0 9132.8 7716.7 6589.0 5681.2 4942.5 4335.0 
0.016402 24484.0 19873.0 16154.0 13223.0 10931.0 9135.4 7719.0 6591.0 5683.0 4944.1 4336.4 
0.016734 24478.0 19868.0 16151.0 13221.0 10929.0 9134.2 7718.2 6590.4 5682.5 4943.7 4336.1 
0.017072 24461.0 19855.0 16141.0 13213.0 10923.0 9129.2 7714.0 6586.9 5679.5 4941.2 4333.9 
0.017416 24434.0 19834.0 16124.0 13199.0 10912.0 9120.2 7706.6 6580.6 5674.2 4936.5 4329.9 
0.017768 24396.0 19804.0 16100.0 13180.0 10896.0 9107.2 7695.7 6571.4 5666.3 4929.7 4324.0 
0.018127 24347.0 19765.0 16068.0 13155.0 10876.0 9090.1 7681.4 6559.3 5655.9 4920.7 4316.1 
0.018493 24287.0 19717.0 16030.0 13124.0 10850.0 9068.9 7663.6 6544.2 5642.9 4909.5 4306.2 
0.018867 24216.0 19659.0 15984.0 13086.0 10820.0 9043.5 7642.3 6526.0 5627.3 4895.9 4294.4 
0.019248 24134.0 19593.0 15930.0 13043.0 10784.0 9013.8 7617.3 6504.8 5609.1 4880.1 4280.6 
0.019637 24039.0 19517.0 15869.0 12993.0 10743.0 8979.9 7588.7 6480.5 5588.2 4862.0 4264.7 
0.020034 23934.0 19432.0 15800.0 12937.0 10697.0 8941.6 7556.5 6453.1 5564.6 4841.5 4246.8 
0.020438 23816.0 19337.0 15724.0 12875.0 10646.0 8899.0 7520.7 6422.5 5538.3 4818.7 4226.8 
0.020851 23687.0 19233.0 15639.0 12806.0 10589.0 8852.0 7481.1 6388.8 5509.3 4793.5 4204.7 
0.021272 23547.0 19119.0 15547.0 12731.0 10528.0 8800.7 7437.8 6352.0 5477.6 4765.9 4180.6 
0.021702 23394.0 18996.0 15448.0 12650.0 10461.0 8745.0 7390.9 6312.0 5443.2 4736.0 4154.4 
0.022141 23230.0 18863.0 15340.0 12563.0 10389.0 8685.0 7340.3 6268.9 5406.1 4703.8 4126.1 
0.022588 23055.0 18721.0 15226.0 12469.0 10312.0 8620.6 7286.1 6222.7 5366.3 4669.2 4095.8 
0.023044 22868.0 18570.0 15103.0 12369.0 10229.0 8552.1 7228.3 6173.4 5323.9 4632.3 4063.5 
0.02351 22670.0 18410.0 14973.0 12263.0 10142.0 8479.3 7166.9 6121.1 5278.8 4593.2 4029.2 
0.023985 22461.0 18241.0 14836.0 12151.0 10050.0 8402.4 7102.0 6065.8 5231.2 4551.8 3992.9 
0.024469 22242.0 18063.0 14692.0 12034.0 9952.8 8321.5 7033.8 6007.6 5181.0 4508.2 3954.7 
0.024964 22011.0 17877.0 14541.0 11910.0 9851.1 8236.6 6962.2 5946.5 5128.4 4462.5 3914.6 
0.025468 21771.0 17682.0 14383.0 11781.0 9744.8 8148.0 6887.4 5882.7 5073.5 4414.7 3872.7 
0.025982 21521.0 17479.0 14219.0 11647.0 9634.1 8055.6 6809.5 5816.2 5016.2 4364.9 3829.0 
0.026507 21261.0 17269.0 14048.0 11508.0 9519.2 7959.7 6728.6 5747.2 4956.8 4313.2 3783.7 
0.027043 20993.0 17052.0 13872.0 11364.0 9400.3 7860.5 6644.8 5675.8 4895.2 4259.7 3736.8 
0.027589 20716.0 16827.0 13690.0 11215.0 9277.7 7758.2 6558.4 5602.1 4831.7 4204.4 3688.4 
0.028146 20432.0 16597.0 13503.0 11062.0 9151.5 7652.8 6469.5 5526.2 4766.3 4147.6 3638.5 
0.028715 20140.0 16360.0 13311.0 10905.0 9022.0 7544.7 6378.2 5448.3 4699.2 4089.2 3587.3 
0.029295 19842.0 16118.0 13115.0 10745.0 8889.5 7434.1 6284.9 5368.7 4630.5 4029.5 3535.0 
0.029887 19537.0 15872.0 12914.0 10581.0 8754.3 7321.3 6189.6 5287.3 4560.4 3968.5 3481.5 
0.03049 19228.0 15621.0 12711.0 10415.0 8616.8 7206.4 6092.6 5204.6 4489.1 3906.5 3427.1 
0.031106 18913.0 15366.0 12504.0 10246.0 8477.2 7089.9 5994.2 5120.6 4416.7 3843.5 3371.8 
0.031735 18596.0 15108.0 12295.0 10075.0 8335.9 6971.9 5894.6 5035.5 4343.4 3779.7 3315.9 
0.032376 18275.0 14848.0 12083.0 9901.9 8193.3 6852.8 5794.0 4949.7 4269.4 3715.3 3259.5 
0.03303 17953.0 14587.0 11871.0 9728.1 8049.8 6733.0 5692.8 4863.3 4194.9 3650.5 3202.6 
0.033697 17629.0 14324.0 11658.0 9553.7 7905.8 6612.6 5591.1 4776.5 4120.0 3585.4 3145.5 
0.034378 17305.0 14061.0 11444.0 9379.1 7761.5 6492.2 5489.3 4689.6 4045.1 3520.2 3088.3 
0.035072 16981.0 13799.0 11231.0 9204.8 7617.5 6371.9 5387.7 4602.8 3970.3 3455.2 3031.2 
0.035781 16660.0 13538.0 11019.0 9031.4 7474.2 6252.2 5286.6 4516.5 3895.9 3390.4 2974.4 
0.036504 16340.0 13278.0 10808.0 8859.1 7331.8 6133.2 5186.1 4430.7 3821.9 3326.0 2917.9 
0.037241 16023.0 13021.0 10599.0 8687.8 7190.3 6015.0 5086.2 4345.4 3748.3 3262.0 2861.8 
0.037993 15707.0 12765.0 10391.0 8517.6 7049.7 5897.4 4986.9 4260.6 3675.2 3198.4 2805.9 
0.038761 15395.0 12512.0 10185.0 8349.3 6910.5 5781.2 4888.6 4176.7 3602.8 3135.4 2750.7 
0.039544 15089.0 12263.0 9983.5 8184.0 6774.0 5667.0 4792.2 4094.3 3531.8 3073.6 2696.5 
0.040343 14790.0 12020.0 9786.0 8022.5 6640.4 5555.4 4697.9 4013.7 3462.3 3013.1 2643.4 
0.041158 14498.0 11784.0 9593.5 7864.9 6510.2 5446.6 4605.9 3935.2 3394.5 2954.1 2591.7 
0.041989 14215.0 11553.0 9406.5 7711.8 6383.6 5340.8 4516.5 3858.8 3328.7 2896.8 2541.4 
0.042838 13941.0 11331.0 9225.5 7563.6 6261.1 5238.4 4430.0 3784.9 3265.0 2841.4 2492.7 
0.043703 13676.0 11116.0 9050.7 7420.6 6142.9 5139.6 4346.4 3713.6 3203.4 2787.8 2445.8 
0.044586 13422.0 10909.0 8882.6 7282.9 6029.0 5044.5 4266.1 3644.9 3144.2 2736.3 2400.5 
0.045486 13177.0 10711.0 8721.2 7150.8 5919.8 4953.2 4188.9 3579.0 3087.3 2686.8 2357.1 
0.046405 12944.0 10521.0 8566.6 7024.2 5815.1 4865.7 4114.9 3515.9 3032.9 2639.4 2315.5 
0.047343 12720.0 10339.0 8418.7 6903.1 5715.0 4782.0 4044.2 3455.5 2980.8 2594.1 2275.8 
0.048299 12507.0 10165.0 8277.5 6787.4 5619.3 4702.0 3976.6 3397.8 2931.0 2550.8 2237.8 
0.049275 12303.0 9999.7 8142.5 6676.9 5527.9 4625.7 3912.1 3342.6 2883.5 2509.4 2201.5 
0.05027 12109.0 9841.4 8013.6 6571.3 5440.6 4552.7 3850.4 3290.0 2838.1 2469.9 2166.8 
0.051286 11923.0 9690.1 7890.4 6470.3 5357.1 4482.9 3791.5 3239.6 2794.7 2432.1 2133.7 
0.052322 11745.0 9545.2 7772.3 6373.5 5277.0 4416.0 3734.9 3191.4 2753.1 2395.9 2102.0 
0.053379 11575.0 9406.0 7658.8 6280.5 5200.1 4351.7 3680.6 3145.0 2713.1 2361.2 2071.5 
0.054457 11411.0 9272.2 7549.6 6191.0 5126.1 4289.8 3628.4 3100.4 2674.7 2327.7 2042.1 
0.055557 11253.0 9143.1 7444.3 6104.6 5054.6 4230.1 3577.9 3057.3 2637.5 2295.5 2013.8 
0.05668 11100.0 9017.8 7342.0 6020.7 4985.2 4172.1 3528.9 3015.5 2601.5 2264.1 1986.4 
0.057825 10953.0 8897.8 7244.0 5940.3 4918.7 4116.5 3482.0 2975.4 2567.0 2234.1 1960.0 
0.058993 10816.0 8785.5 7152.1 5864.8 4856.3 4064.4 3438.0 2937.9 2534.6 2206.0 1935.4 
0.060184 10683.0 8676.5 7063.0 5791.7 4795.7 4013.8 3395.2 2901.4 2503.2 2178.7 1911.5 
0.0614 10547.0 8564.9 6971.6 5716.6 4733.6 3961.9 3351.4 2864.0 2471.0 2150.7 1886.9 
0.062641 10406.0 8448.7 6876.4 5638.4 4668.9 3907.8 3305.7 2825.1 2437.4 2121.5 1861.3 
0.063906 10261.0 8329.6 6778.9 5558.3 4602.5 3852.3 3258.9 2785.1 2403.0 2091.5 1835.1 
0.065197 10113.0 8208.1 6679.4 5476.5 4534.8 3795.7 3211.0 2744.2 2367.8 2060.9 1808.2 
0.066514 9959.7 8082.3 6576.4 5391.8 4464.6 3736.9 3161.4 2701.9 2331.3 2029.2 1780.4 
0.067858 9799.3 7950.6 6468.5 5303.1 4391.1 3675.5 3109.4 2657.5 2293.0 1995.9 1751.2 
0.069229 9630.6 7812.2 6355.2 5210.0 4313.8 3610.8 3054.7 2610.8 2252.7 1960.9 1720.5 
0.070627 9452.9 7666.6 6235.9 5111.9 4232.5 3542.8 2997.1 2561.6 2210.3 1923.9 1688.1 
0.072054 9265.4 7513.0 6110.2 5008.5 4146.8 3471.0 2936.4 2509.7 2165.5 1885.0 1653.9 
0.07351 9067.6 7351.1 5977.8 4899.6 4056.5 3395.3 2872.3 2454.9 2118.3 1843.8 1617.8 
0.074994 8859.5 7181.0 5838.7 4785.2 3961.5 3315.7 2805.0 2397.3 2068.5 1800.5 1579.8 
0.076509 8641.6 7003.0 5693.2 4665.5 3862.2 3232.5 2734.5 2337.0 2016.5 1755.2 1540.0 
0.078055 8414.6 6817.8 5541.8 4541.0 3758.9 3145.9 2661.1 2274.2 1962.2 1707.9 1498.5 
0.079632 8179.8 6626.3 5385.3 4412.3 3652.1 3056.3 2585.2 2209.2 1906.1 1659.0 1455.5 
0.081241 7938.7 6429.8 5224.8 4280.3 3542.5 2964.4 2507.3 2142.5 1848.4 1608.7 1411.3 
0.082882 7693.1 6229.7 5061.4 4146.0 3430.9 2870.8 2428.0 2074.6 1789.7 1557.5 1366.3 
0.084556 7445.0 6027.8 4896.5 4010.4 3318.3 2776.3 2347.8 2005.9 1730.4 1505.8 1320.9 
0.086264 7196.7 5825.7 4731.6 3874.7 3205.6 2681.7 2267.6 1937.2 1670.9 1453.9 1275.3 
0.088007 6950.5 5625.3 4568.0 3740.1 3093.9 2587.9 2188.0 1869.0 1611.9 1402.5 1230.1 
0.089785 6708.6 5428.6 4407.3 3608.0 2984.0 2495.7 2109.8 1801.9 1553.9 1351.9 1185.6 
0.091598 6473.5 5237.2 4251.1 3479.4 2877.2 2406.0 2033.6 1736.7 1497.5 1302.7 1142.3 
0.093449 6247.4 5053.2 4100.8 3355.7 2774.4 2319.7 1960.4 1673.9 1443.2 1255.2 1100.6 
0.095337 6032.5 4878.2 3957.8 3238.0 2676.5 2237.5 1890.6 1614.0 1391.4 1210.1 1060.9 
0.097263 5830.6 4713.7 3823.3 3127.2 2584.4 2160.1 1824.9 1557.7 1342.7 1167.6 1023.5 
0.099227 5643.5 4561.0 3698.4 3024.3 2498.8 2088.2 1763.9 1505.4 1297.4 1128.1 988.82 
0.10123 5472.2 4421.1 3583.8 2929.8 2420.2 2022.2 1707.8 1457.4 1255.9 1091.8 956.95 
0.10328 5317.4 4294.3 3479.8 2844.1 2348.9 1962.2 1656.9 1413.8 1218.2 1058.9 928.04 
0.10536 5179.0 4180.8 3386.6 2767.1 2284.8 1908.3 1611.2 1374.6 1184.3 1029.4 902.1 
0.10749 5056.4 4079.9 3303.5 2698.5 2227.6 1860.3 1570.4 1339.7 1154.1 1003.1 879.01 
0.10966 4948.5 3990.7 3229.9 2637.5 2176.9 1817.7 1534.3 1308.7 1127.4 979.83 858.55 
0.11188 4853.4 3911.7 3164.6 2583.4 2131.7 1779.8 1502.1 1281.2 1103.6 959.17 840.42 
0.11414 4769.1 3841.4 3106.2 2534.9 2091.3 1745.8 1473.3 1256.6 1082.4 940.7 824.23 
0.11644 4693.1 3777.6 3053.2 2490.8 2054.5 1714.8 1447.1 1234.2 1063.1 923.92 809.52 
0.1188 4622.7 3718.3 3003.6 2449.6 2020.0 1685.9 1422.6 1213.3 1045.1 908.25 795.81 
0.1212 4554.7 3660.9 2955.6 2409.6 1986.6 1657.9 1398.9 1193.0 1027.6 893.08 782.53 
0.12365 4486.0 3602.9 2907.2 2369.2 1952.9 1629.5 1374.9 1172.5 1009.9 877.74 769.1 
0.12614 4413.1 3541.7 2856.1 2326.7 1917.4 1599.7 1349.6 1150.9 991.3 861.55 754.91 
0.12869 4333.0 3474.7 2800.4 2280.4 1878.7 1567.2 1322.0 1127.3 970.98 843.87 739.41 
0.13129 4243.1 3400.0 2738.6 2229.1 1835.9 1531.2 1291.5 1101.1 948.38 824.2 722.15 
0.13394 4142.0 3316.5 2669.7 2172.1 1788.3 1491.1 1257.5 1072.0 923.19 802.24 702.87 
0.13665 4029.5 3224.2 2593.8 2109.3 1736.0 1447.1 1220.0 1039.9 895.4 777.99 681.55 
0.13941 3907.1 3124.1 2511.7 2041.5 1679.4 1399.5 1179.6 1005.2 865.34 751.74 658.46 
0.14223 3777.2 3018.3 2425.0 1970.0 1619.8 1349.3 1136.9 968.5 833.58 724.0 634.04 
0.1451 3643.1 2909.2 2335.9 1896.4 1558.6 1297.7 1093.0 930.76 800.86 695.41 608.86 
0.14803 3508.0 2799.5 2246.3 1822.6 1497.0 1245.8 1048.8 892.82 767.97 666.65 583.53 
0.15102 3375.3 2691.8 2158.3 1750.0 1436.5 1194.9 1005.5 855.55 735.64 638.38 558.63 
0.15407 3247.8 2588.3 2073.8 1680.3 1378.4 1146.0 963.78 819.71 704.56 611.2 534.68 
0.15718 3128.5 2491.3 1994.5 1614.9 1323.9 1100.0 924.66 786.08 675.38 585.69 512.21 
0.16036 3019.8 2402.8 1922.0 1555.1 1274.0 1058.0 888.87 755.31 648.71 562.37 491.67 
0.1636 2923.7 2324.4 1857.7 1501.9 1229.7 1020.6 857.05 727.97 625.0 541.65 473.43 
0.1669 2841.3 2256.7 1802.1 1455.9 1191.2 988.21 829.49 704.3 604.51 523.76 457.69 
0.17028 2772.2 2199.6 1754.9 1416.8 1158.5 960.66 806.07 684.21 587.12 508.59 444.36 
0.17371 2714.4 2151.5 1714.9 1383.5 1130.8 937.26 786.19 667.17 572.4 495.77 433.11 
0.17722 2664.9 2109.9 1680.3 1354.7 1106.6 916.9 768.91 652.38 559.64 484.67 423.38 
0.1808 2620.2 2072.2 1648.7 1328.3 1084.5 898.31 753.14 638.9 548.02 474.57 414.54 
0.18446 2576.8 2035.6 1618.0 1302.7 1063.0 880.24 737.81 625.8 536.73 464.76 405.95 
0.18818 2531.7 1997.6 1586.3 1276.2 1040.9 861.59 721.99 612.26 525.05 454.62 397.07 
0.19198 2482.1 1956.2 1551.9 1247.6 1017.0 841.44 704.88 597.61 512.4 443.6 387.41 
0.19586 2426.3 1910.1 1513.8 1215.9 990.49 819.13 685.91 581.34 498.33 431.34 376.64 
0.19982 2363.3 1858.4 1471.2 1180.7 961.11 794.36 664.83 563.24 482.66 417.65 364.6 
0.20386 2293.7 1801.6 1424.8 1142.4 929.08 767.36 641.84 543.47 465.51 402.67 351.4 
0.20797 2219.6 1741.5 1375.7 1101.8 895.29 738.86 617.55 522.58 447.38 386.8 337.42 
0.21218 2144.2 1680.4 1325.8 1060.7 860.99 709.94 592.89 501.35 428.94 370.66 323.19 
0.21646 2070.5 1620.7 1277.1 1020.6 827.56 681.74 568.85 480.65 410.96 354.92 309.3 
0.22083 2001.6 1564.9 1231.6 983.05 796.21 655.3 546.31 461.24 394.11 340.16 296.29 
0.2253 1939.5 1514.5 1190.4 949.04 767.84 631.37 525.92 443.7 378.88 326.84 284.55 
0.22985 1885.7 1470.5 1154.3 919.29 743.02 610.44 508.09 428.38 365.59 315.22 274.32 
0.23449 1839.8 1432.9 1123.4 893.67 721.63 592.42 492.76 415.21 354.19 305.27 265.57 
0.23923 1800.9 1400.7 1096.8 871.65 703.23 576.93 479.59 403.93 344.44 296.77 258.11 
0.24406 1766.2 1371.9 1073.0 851.87 686.71 563.02 467.79 393.82 335.71 289.18 251.45 
0.24899 1733.0 1344.3 1050.2 832.93 670.89 549.71 456.49 384.15 327.37 281.93 245.1 
0.25402 1698.8 1316.1 1026.8 813.58 654.74 536.11 444.95 374.27 318.84 274.5 238.58 
0.25915 1661.8 1285.6 1001.8 792.88 637.48 521.58 432.6 363.68 309.68 266.52 231.57 
0.26439 1621.3 1252.6 974.77 770.56 618.87 505.91 419.27 352.23 299.76 257.86 223.95 
0.26973 1577.8 1217.2 945.89 746.76 599.04 489.19 405.04 340.0 289.15 248.58 215.78 
0.27518 1532.7 1180.7 916.15 722.28 578.64 472.01 390.4 327.4 278.21 239.01 207.34 
0.28074 1488.0 1144.6 886.74 698.08 558.49 455.02 375.92 314.94 267.39 229.54 198.99 
0.28641 1446.0 1110.6 859.05 675.3 539.52 439.04 362.31 303.23 257.23 220.64 191.15 
0.29219 1408.0 1079.8 833.99 654.66 522.34 424.57 349.99 292.64 248.05 212.61 184.08 
0.2981 1374.4 1052.4 811.63 636.25 507.01 411.67 339.03 283.23 239.89 205.49 177.82 
0.30412 1344.4 1028.0 791.66 619.8 493.33 400.16 329.26 274.85 232.65 199.18 172.27 
0.31026 1316.9 1005.5 773.25 604.64 480.72 389.58 320.28 267.17 226.01 193.4 167.2 
0.31653 1290.3 983.77 755.5 590.02 468.57 379.38 311.63 259.77 219.62 187.84 162.32 
0.32292 1263.0 961.6 737.41 575.15 456.22 369.01 302.83 252.23 213.11 182.16 157.34 
0.32945 1234.4 938.39 718.54 559.65 443.35 358.19 293.65 244.36 206.3 176.22 152.12 
0.3361 1204.7 914.41 699.07 543.68 430.09 347.05 284.18 236.23 199.26 170.07 146.71 
0.34289 1174.8 890.28 679.5 527.63 416.77 335.85 274.67 228.06 192.18 163.88 141.25 
0.34982 1145.9 866.96 660.61 512.15 403.93 325.06 265.5 220.19 185.35 157.92 136.0 
0.35689 1118.8 845.12 642.91 497.66 391.91 314.97 256.93 212.84 178.99 152.36 131.11 
0.36409 1093.9 825.02 626.63 484.34 380.87 305.72 249.09 206.12 173.18 147.29 126.66 
0.37145 1070.9 806.46 611.6 472.05 370.71 297.2 241.88 199.95 167.85 142.65 122.59 
0.37895 1049.0 788.8 597.32 460.38 361.06 289.13 235.05 194.11 162.81 138.27 118.74 
0.38661 1027.5 771.46 583.31 448.94 351.61 281.23 228.37 188.41 157.89 133.98 114.98 
0.39442 1005.8 753.98 569.21 437.44 342.12 273.29 221.64 182.66 152.92 129.66 111.19 
0.40239 983.82 736.37 555.01 425.87 332.57 265.3 214.88 176.87 147.92 125.3 107.36 
0.41052 962.13 718.98 541.01 414.47 323.16 257.43 208.22 171.17 143.0 121.0 103.58 
0.41881 941.15 702.17 527.5 403.47 314.09 249.85 201.81 165.69 138.26 116.87 99.955 
0.42727 921.29 686.28 514.73 393.1 305.55 242.72 195.79 160.54 133.82 113.01 96.562 
0.4359 902.5 671.26 502.69 383.33 297.52 236.02 190.13 155.72 129.66 109.39 93.392 
0.44471 884.45 656.84 491.14 373.98 289.84 229.62 184.75 151.13 125.71 105.96 90.381 
0.45369 866.81 642.78 479.9 364.87 282.37 223.41 179.51 146.67 121.87 102.62 87.461 
0.46286 849.33 628.86 468.77 355.88 275.0 217.28 174.35 142.27 118.08 99.327 84.574 
0.47221 832.05 615.11 457.81 347.02 267.75 211.24 169.27 137.94 114.35 96.087 81.734 
0.48174 815.18 601.72 447.14 338.41 260.7 205.39 164.34 133.75 110.74 92.948 78.984 
0.49148 798.88 588.79 436.85 330.13 253.93 199.77 159.62 129.73 107.28 89.945 76.354 
0.50141 783.21 576.38 427.0 322.21 247.46 194.41 155.12 125.91 104.0 87.098 73.863 
0.51153 768.04 564.4 417.51 314.58 241.25 189.27 150.81 122.25 100.86 84.378 71.485 
0.52187 753.21 552.69 408.25 307.16 235.21 184.28 146.63 118.7 97.817 81.74 69.179 
0.53241 738.65 541.22 399.19 299.9 229.32 179.41 142.55 115.25 94.853 79.173 66.936 
0.54317 724.38 529.99 390.33 292.82 223.57 174.67 138.59 111.88 91.969 76.675 64.754 
0.55414 710.45 519.06 381.72 285.95 218.0 170.07 134.75 108.64 89.186 74.266 62.649 
0.56533 696.93 508.46 373.39 279.32 212.63 165.66 131.06 105.52 86.519 71.96 60.638 
0.57675 683.77 498.17 365.32 272.9 207.45 161.4 127.51 102.52 83.957 69.747 58.707 
0.5884 670.9 488.12 357.46 266.66 202.42 157.27 124.08 99.625 81.48 67.608 56.844 
0.60029 658.3 478.3 349.79 260.59 197.53 153.26 120.75 96.815 79.082 65.538 55.041 
0.61242 645.96 468.7 342.31 254.67 192.77 149.37 117.51 94.091 76.757 63.534 53.296 
0.62479 633.88 459.33 335.02 248.91 188.16 145.59 114.38 91.459 74.514 61.601 51.614 
0.63741 622.09 450.2 327.93 243.33 183.69 141.95 111.36 88.922 72.354 59.741 49.998 
0.65029 610.56 441.29 321.03 237.91 179.35 138.41 108.44 86.474 70.271 57.95 48.442 
0.66342 599.27 432.58 314.31 232.63 175.15 134.99 105.62 84.105 68.259 56.221 46.941 
0.67683 588.2 424.06 307.74 227.49 171.05 131.67 102.88 81.813 66.313 54.551 45.492 
0.6905 577.34 415.73 301.33 222.49 167.08 128.44 100.22 79.595 64.432 52.937 44.093 
0.70445 566.69 407.57 295.07 217.61 163.21 125.31 97.651 77.448 62.614 51.378 42.744 
0.71868 556.24 399.58 288.96 212.85 159.45 122.27 95.157 75.369 60.855 49.873 41.441 
0.7332 545.98 391.76 282.98 208.22 155.78 119.32 92.738 73.356 59.155 48.418 40.184 
0.74801 535.9 384.1 277.15 203.7 152.22 116.45 90.394 71.408 57.51 47.014 38.97 
0.76312 526.01 376.59 271.44 199.29 148.76 113.67 88.119 69.521 55.92 45.656 37.799 
0.77854 516.28 369.22 265.86 194.98 145.38 110.96 85.914 67.693 54.382 44.345 36.668 
0.79426 506.71 362.0 260.39 190.78 142.09 108.33 83.774 65.923 52.894 43.078 35.577 
0.81031 497.31 354.92 255.05 186.69 138.89 105.77 81.697 64.208 51.454 41.854 34.525 
0.82668 488.05 347.97 249.82 182.68 135.77 103.29 79.682 62.547 50.062 40.671 33.508 
0.84338 478.95 341.15 244.7 178.77 132.73 100.87 77.726 60.937 48.714 39.528 32.527 
0.86041 469.98 334.45 239.68 174.95 129.77 98.515 75.826 59.377 47.41 38.424 31.58 
0.8778 461.16 327.86 234.76 171.21 126.87 96.224 73.981 57.864 46.148 37.356 30.665 
0.89553 452.46 321.4 229.94 167.56 124.05 93.995 72.189 56.396 44.925 36.323 29.782 
0.91362 443.89 315.04 225.22 163.99 121.3 91.823 70.446 54.973 43.741 35.323 28.928 
0.93208 435.44 308.79 220.59 160.49 118.61 89.708 68.752 53.591 42.593 34.357 28.103 
0.95091 427.11 302.64 216.04 157.07 115.99 87.646 67.105 52.25 41.481 33.421 27.306 
0.97011 418.89 296.59 211.58 153.72 113.42 85.636 65.502 50.948 40.403 32.516 26.535 
0.98971 410.79 290.64 207.19 150.43 110.92 83.676 63.942 49.683 39.358 31.639 25.79 
1.0097 402.79 284.78 202.89 147.22 108.47 81.765 62.424 48.454 38.344 30.79 25.07 
1.0301 394.89 279.01 198.67 144.07 106.07 79.899 60.946 47.26 37.361 29.968 24.373 
1.0509 387.1 273.33 194.51 140.98 103.73 78.079 59.506 46.099 36.407 29.171 23.699 
1.0721 379.4 267.74 190.43 137.95 101.44 76.301 58.104 44.971 35.481 28.4 23.047 
1.0938 371.8 262.22 186.42 134.97 99.198 74.565 56.737 43.873 34.582 27.651 22.415 
1.1159 364.3 256.79 182.48 132.06 97.002 72.87 55.404 42.805 33.708 26.926 21.804 
1.1384 356.88 251.44 178.6 129.2 94.853 71.213 54.105 41.766 32.86 26.223 21.212 
1.1614 349.56 246.17 174.79 126.39 92.748 69.594 52.838 40.755 32.036 25.541 20.639 
1.1849 342.33 240.97 171.04 123.64 90.686 68.011 51.602 39.77 31.236 24.879 20.084 
1.2088 335.18 235.85 167.35 120.93 88.666 66.464 50.396 38.811 30.457 24.237 19.546 
1.2333 328.12 230.79 163.72 118.27 86.686 64.95 49.219 37.877 29.7 23.613 19.025 
1.2582 321.15 225.81 160.15 115.67 84.746 63.469 48.069 36.967 28.964 23.008 18.52 
1.2836 314.26 220.91 156.64 113.1 82.844 62.02 46.947 36.08 28.248 22.42 18.03 
1.3095 307.45 216.06 153.18 110.59 80.978 60.602 45.851 35.216 27.552 21.849 17.555 
1.336 300.72 211.29 149.78 108.11 79.149 59.214 44.78 34.373 26.874 21.295 17.095 
1.363 294.08 206.59 146.43 105.68 77.355 57.855 43.733 33.551 26.214 20.756 16.648 
1.3905 287.51 201.95 143.13 103.3 75.595 56.525 42.71 32.748 25.571 20.232 16.214 
1.4186 281.03 197.37 139.89 100.95 73.869 55.221 41.71 31.966 24.945 19.723 15.793 
1.4472 274.63 192.87 136.69 98.645 72.175 53.944 40.732 31.202 24.335 19.227 15.384 
1.4765 268.31 188.42 133.55 96.379 70.512 52.694 39.776 30.456 23.74 18.745 14.988 
1.5063 262.07 184.04 130.46 94.151 68.881 51.468 38.84 29.728 23.161 18.277 14.602 
1.5367 255.91 179.72 127.41 91.962 67.279 50.267 37.925 29.017 22.596 17.82 14.227 
1.5678 249.83 175.47 124.42 89.81 65.707 49.089 37.029 28.322 22.045 17.376 13.863 
1.5994 243.83 171.27 121.47 87.694 64.164 47.935 36.153 27.643 21.508 16.943 13.509 
1.6318 237.92 167.14 118.56 85.615 62.649 46.803 35.295 26.98 20.984 16.522 13.165 
1.6647 232.08 163.07 115.71 83.571 61.162 45.694 34.455 26.331 20.472 16.112 12.831 
1.6984 226.32 159.06 112.89 81.562 59.702 44.606 33.632 25.697 19.973 15.712 12.505 
1.7327 220.65 155.11 110.13 79.587 58.268 43.539 32.827 25.078 19.486 15.322 12.188 
1.7677 215.06 151.22 107.41 77.646 56.861 42.493 32.038 24.472 19.01 14.942 11.88 
1.8034 209.56 147.39 104.73 75.739 55.479 41.467 31.265 23.879 18.545 14.572 11.58 
1.8398 204.13 143.63 102.1 73.865 54.123 40.46 30.508 23.299 18.091 14.21 11.288 
1.877 198.8 139.92 99.515 72.024 52.791 39.473 29.767 22.732 17.648 13.858 11.003 
1.9149 193.54 136.28 96.971 70.215 51.484 38.505 29.04 22.177 17.215 13.514 10.726 
1.9536 188.37 132.69 94.471 68.438 50.201 37.556 28.329 21.634 16.791 13.179 10.456 
1.993 183.29 129.16 92.013 66.692 48.941 36.625 27.631 21.102 16.378 12.851 10.193 
2.0333 178.29 125.7 89.597 64.978 47.704 35.711 26.948 20.582 15.973 12.532 9.9363 
2.0744 173.38 122.29 87.225 63.294 46.491 34.816 26.278 20.073 15.578 12.22 9.6862 
2.1163 168.55 118.94 84.894 61.64 45.3 33.937 25.622 19.574 15.191 11.915 9.4424 
2.159 163.81 115.66 82.605 60.017 44.131 33.075 24.979 19.086 14.813 11.617 9.2046 
2.2026 159.16 112.43 80.358 58.424 42.985 32.23 24.349 18.609 14.443 11.327 8.9726 
2.2471 154.6 109.27 78.153 56.861 41.86 31.402 23.732 18.141 14.082 11.043 8.7463 
2.2925 150.13 106.16 75.989 55.327 40.756 30.59 23.126 17.683 13.728 10.765 8.5255 
2.3388 145.74 103.11 73.866 53.822 39.674 29.793 22.534 17.234 13.382 10.494 8.31 
2.3861 141.44 100.13 71.784 52.346 38.613 29.012 21.953 16.795 13.043 10.229 8.0996 
2.4343 137.23 97.2 69.742 50.899 37.572 28.247 21.383 16.365 12.712 9.9704 7.8942 
2.4835 133.11 94.332 67.741 49.479 36.552 27.496 20.826 15.944 12.388 9.7173 7.6937 
2.5336 129.08 91.524 65.78 48.088 35.552 26.761 20.279 15.532 12.071 9.4699 7.4979 
2.5848 125.13 88.774 63.858 46.725 34.571 26.04 19.744 15.128 11.76 9.2279 7.3067 
2.637 121.27 86.084 61.977 45.389 33.611 25.334 19.219 14.733 11.457 8.9914 7.1199 
2.6903 117.5 83.452 60.135 44.081 32.67 24.642 18.706 14.346 11.16 8.7601 6.9374 
2.7447 113.82 80.879 58.332 42.8 31.748 23.965 18.203 13.967 10.869 8.534 6.7592 
2.8001 110.22 78.364 56.568 41.546 30.846 23.301 17.71 13.596 10.584 8.3128 6.585 
2.8567 106.71 75.907 54.843 40.318 29.962 22.651 17.227 13.233 10.306 8.0965 6.4148 
2.9144 103.28 73.507 53.157 39.117 29.097 22.015 16.755 12.877 10.033 7.885 6.2485 
2.9733 99.942 71.165 51.509 37.942 28.25 21.392 16.293 12.529 9.7666 7.6782 6.086 
3.0333 96.685 68.879 49.899 36.794 27.422 20.782 15.84 12.188 9.5057 7.4758 5.9271 
3.0946 93.511 66.649 48.326 35.67 26.612 20.186 15.397 11.855 9.2504 7.2779 5.7718 
3.1571 90.419 64.475 46.791 34.573 25.819 19.602 14.963 11.529 9.0006 7.0844 5.62 
3.2209 87.408 62.355 45.293 33.5 25.044 19.031 14.539 11.21 8.7562 6.8951 5.4717 
3.286 84.477 60.291 43.831 32.452 24.287 18.473 14.124 10.897 8.5172 6.71 5.3266 
3.3523 81.626 58.28 42.405 31.43 23.546 17.927 13.718 10.592 8.2833 6.5289 5.1849 
3.4201 78.852 56.322 41.016 30.431 22.823 17.393 13.321 10.293 8.0545 6.3518 5.0463 
3.4892 76.156 54.417 39.662 29.457 22.117 16.871 12.933 10.001 7.8308 6.1787 4.9108 
3.5596 73.536 52.564 38.343 28.507 21.427 16.361 12.554 9.7147 7.612 6.0093 4.7783 
3.6316 70.99 50.762 37.058 27.581 20.753 15.863 12.183 9.4353 7.398 5.8438 4.6488 
3.7049 68.517 49.01 35.808 26.678 20.096 15.377 11.821 9.1621 7.1888 5.6819 4.5223 
3.7798 66.117 47.308 34.592 25.798 19.455 14.902 11.467 8.8951 6.9843 5.5236 4.3985 
3.8561 63.787 45.655 33.408 24.941 18.83 14.438 11.121 8.6342 6.7844 5.3689 4.2776 
3.934 61.527 44.05 32.258 24.106 18.22 13.986 10.783 8.3792 6.589 5.2176 4.1593 
4.0135 59.335 42.491 31.14 23.294 17.626 13.544 10.453 8.1301 6.398 5.0698 4.0438 
4.0946 57.21 40.98 30.053 22.503 17.047 13.114 10.131 7.8868 6.2114 4.9253 3.9309 
4.1773 55.15 39.513 28.998 21.734 16.483 12.694 9.8166 7.6493 6.0291 4.7841 3.8205 
4.2617 53.154 38.091 27.974 20.987 15.933 12.284 9.51 7.4173 5.851 4.6461 3.7126 
4.3478 51.221 36.713 26.979 20.26 15.399 11.885 9.2108 7.1908 5.6771 4.5113 3.6072 
4.4356 49.349 35.377 26.015 19.554 14.878 11.496 8.919 6.9698 5.5073 4.3797 3.5043 
4.5252 47.537 34.083 25.079 18.868 14.372 11.117 8.6345 6.7542 5.3415 4.2511 3.4037 
4.6166 45.783 32.83 24.172 18.201 13.88 10.748 8.3572 6.5438 5.1796 4.1255 3.3054 
4.7099 44.086 31.617 23.292 17.555 13.401 10.389 8.0869 6.3385 5.0217 4.0028 3.2094 
4.805 42.445 30.443 22.44 16.927 12.936 10.04 7.8236 6.1384 4.8675 3.8831 3.1157 
4.9021 40.858 29.307 21.615 16.319 12.484 9.6998 7.567 5.9433 4.7172 3.7663 3.0242 
5.0011 39.325 28.209 20.816 15.729 12.045 9.369 7.3172 5.7531 4.5705 3.6522 2.9348 
5.1021 37.842 27.146 20.042 15.156 11.619 9.0474 7.074 5.5678 4.4274 3.5409 2.8475 
5.2052 36.41 26.12 19.294 14.602 11.205 8.7347 6.8372 5.3872 4.2879 3.4323 2.7624 
5.3104 35.026 25.127 18.57 14.065 10.803 8.431 6.6069 5.2113 4.152 3.3264 2.6793 
5.4176 33.69 24.169 17.869 13.545 10.414 8.1359 6.3829 5.0401 4.0195 3.2231 2.5982 
5.5271 32.4 23.243 17.192 13.041 10.037 7.8493 6.165 4.8734 3.8903 3.1224 2.519 
5.6387 31.155 22.349 16.538 12.554 9.6707 7.5711 5.9532 4.7111 3.7646 3.0242 2.4418 
5.7526 29.954 21.485 15.905 12.082 9.3161 7.3011 5.7473 4.5532 3.6421 2.9285 2.3666 
5.8689 28.795 20.652 15.294 11.626 8.9726 7.0391 5.5473 4.3996 3.5228 2.8352 2.2931 
5.9874 27.677 19.848 14.704 11.185 8.6399 6.785 5.353 4.2502 3.4066 2.7443 2.2216 
6.1084 26.599 19.073 14.135 10.758 8.3179 6.5387 5.1644 4.1049 3.2936 2.6558 2.1518 
6.2318 25.559 18.325 13.585 10.346 8.0062 6.2999 4.9812 3.9637 3.1836 2.5696 2.0838 
6.3577 24.558 17.604 13.054 9.9484 7.7047 6.0685 4.8035 3.8265 3.0766 2.4857 2.0175 
6.4861 23.592 16.909 12.542 9.5639 7.413 5.8444 4.631 3.6933 2.9726 2.404 1.953 
6.6171 22.662 16.24 12.049 9.1927 7.131 5.6274 4.4638 3.5638 2.8714 2.3244 1.8901 
6.7508 21.765 15.594 11.573 8.8343 6.8584 5.4173 4.3017 3.4381 2.7731 2.2471 1.8289 
6.8872 20.902 14.972 11.114 8.4885 6.595 5.2139 4.1445 3.3161 2.6775 2.1718 1.7693 
7.0263 20.071 14.374 10.671 8.1548 6.3405 5.0172 3.9922 3.1978 2.5847 2.0986 1.7113 
7.1682 19.27 13.797 10.245 7.833 6.0947 4.8269 3.8447 3.0829 2.4945 2.0274 1.6548 
7.313 18.5 13.242 9.8347 7.5227 5.8574 4.643 3.7019 2.9716 2.4069 1.9583 1.5998 
7.4608 17.758 12.708 9.4393 7.2235 5.6283 4.4651 3.5636 2.8636 2.3219 1.891 1.5464 
7.6115 17.044 12.193 9.0586 6.9351 5.4072 4.2933 3.4298 2.759 2.2394 1.8257 1.4944 
7.7653 16.358 11.699 8.692 6.6572 5.194 4.1273 3.3003 2.6576 2.1594 1.7622 1.4439 
7.9221 15.697 11.223 8.3392 6.3895 4.9883 3.9669 3.1751 2.5593 2.0817 1.7006 1.3948 
8.0822 15.062 10.765 7.9997 6.1317 4.7899 3.8121 3.054 2.4642 2.0064 1.6408 1.347 
8.2454 14.451 10.325 7.673 5.8834 4.5987 3.6627 2.9369 2.3721 1.9334 1.5827 1.3006 
8.412 13.863 9.9013 7.3588 5.6444 4.4144 3.5185 2.8238 2.283 1.8627 1.5264 1.2556 
8.5819 13.299 9.4944 7.0566 5.4144 4.2369 3.3794 2.7145 2.1968 1.7942 1.4717 1.2118 
8.7553 12.756 9.1033 6.766 5.193 4.0658 3.2452 2.609 2.1134 1.7278 1.4187 1.1693 
8.9322 12.234 8.7274 6.4866 4.98 3.9011 3.1159 2.5071 2.0328 1.6635 1.3673 1.1281 
9.1126 11.732 8.3663 6.2181 4.7751 3.7425 2.9912 2.4087 1.9548 1.6013 1.3175 1.0881 
9.2967 11.251 8.0193 5.9601 4.5781 3.5898 2.871 2.3137 1.8795 1.5411 1.2692 1.0492 
9.4845 10.788 7.686 5.7121 4.3887 3.4429 2.7552 2.2222 1.8067 1.4828 1.2225 1.0116 
9.6761 10.343 7.3659 5.4739 4.2066 3.3015 2.6436 2.1338 1.7364 1.4265 1.1772 0.97507 
9.8716 9.916 7.0586 5.245 4.0315 3.1655 2.5362 2.0486 1.6685 1.372 1.1333 0.93967 
10.071 9.5058 6.7634 5.0253 3.8633 3.0347 2.4328 1.9665 1.603 1.3193 1.0909 0.90536 
10.274 9.112 6.4801 4.8143 3.7017 2.9089 2.3332 1.8874 1.5398 1.2684 1.0498 0.87212 
10.482 8.7338 6.2081 4.6116 3.5465 2.7879 2.2374 1.8111 1.4787 1.2192 1.0101 0.83993 
10.694 8.3708 5.9471 4.4172 3.3974 2.6717 2.1453 1.7377 1.4199 1.1717 0.97162 0.80875 
10.91 8.0223 5.6966 4.2305 3.2542 2.56 2.0566 1.667 1.3632 1.1259 0.93446 0.77857 
11.13 7.6878 5.4562 4.0513 3.1168 2.4526 1.9713 1.5989 1.3085 1.0816 0.89854 0.74936 
11.355 7.3667 5.2256 3.8794 2.9848 2.3495 1.8893 1.5333 1.2558 1.0389 0.86384 0.7211 
11.584 7.0587 5.0043 3.7145 2.8581 2.2505 1.8105 1.4702 1.205 0.99768 0.8303 0.69376 
11.818 6.7631 4.7921 3.5563 2.7366 2.1554 1.7347 1.4095 1.156 0.95792 0.79792 0.66732 
12.057 6.4795 4.5886 3.4045 2.6199 2.064 1.6619 1.3511 1.1089 0.91959 0.76665 0.64175 
12.301 6.2074 4.3935 3.259 2.508 1.9764 1.592 1.295 1.0635 0.88264 0.73646 0.61704 
12.549 5.9464 4.2063 3.1195 2.4007 1.8922 1.5248 1.241 1.0199 0.84703 0.70734 0.59317 
12.803 5.6961 4.0269 2.9857 2.2978 1.8115 1.4602 1.1891 0.97784 0.81271 0.67923 0.57011 
13.061 5.456 3.8549 2.8574 2.199 1.734 1.3983 1.1392 0.9374 0.77966 0.65213 0.54783 
13.325 5.2258 3.69 2.7344 2.1044 1.6597 1.3388 1.0913 0.8985 0.74783 0.626 0.52633 
13.594 5.005 3.5319 2.6166 2.0136 1.5884 1.2817 1.0452 0.86109 0.71718 0.6008 0.50558 
13.869 4.7933 3.3804 2.5037 1.9266 1.52 1.2269 1.001 0.82512 0.68768 0.57653 0.48555 
14.149 4.5903 3.2353 2.3954 1.8432 1.4544 1.1743 0.9585 0.79055 0.65929 0.55313 0.46623 
14.435 4.3958 3.0962 2.2917 1.7633 1.3915 1.1239 0.91771 0.75731 0.63197 0.5306 0.44759 
14.727 4.2092 2.9629 2.1924 1.6868 1.3313 1.0755 0.87856 0.72538 0.6057 0.5089 0.42963 
15.024 4.0304 2.8352 2.0972 1.6134 1.2735 1.0291 0.84098 0.69471 0.58043 0.48801 0.41231 
15.328 3.8591 2.7129 2.0061 1.5431 1.2182 0.98456 0.80491 0.66524 0.55614 0.4679 0.39562 
15.637 3.6948 2.5957 1.9188 1.4758 1.1651 0.94189 0.77031 0.63695 0.53279 0.44855 0.37954 
15.953 3.5374 2.4835 1.8351 1.4113 1.1143 0.90099 0.73711 0.60978 0.51034 0.42993 0.36405 
16.275 3.3866 2.376 1.7551 1.3496 1.0656 0.86178 0.70527 0.5837 0.48878 0.41203 0.34914 
16.604 3.242 2.273 1.6784 1.2904 1.0189 0.82421 0.67474 0.55867 0.46806 0.3948 0.33478 
16.94 3.1036 2.1744 1.605 1.2338 0.97425 0.7882 0.64546 0.53465 0.44817 0.37825 0.32096 
17.282 2.9709 2.08 1.5347 1.1796 0.93146 0.75371 0.61739 0.51161 0.42906 0.36233 0.30766 
17.631 2.8438 1.9896 1.4675 1.1277 0.89049 0.72066 0.59048 0.4895 0.41072 0.34704 0.29486 
17.987 2.722 1.9031 1.4031 1.078 0.85126 0.68901 0.56469 0.4683 0.39311 0.33235 0.28256 
18.351 2.6053 1.8203 1.3414 1.0305 0.8137 0.65869 0.53998 0.44797 0.37621 0.31823 0.27073 
18.721 2.4936 1.7409 1.2824 0.98497 0.77775 0.62966 0.51631 0.42847 0.36 0.30468 0.25935 
19.099 2.3866 1.665 1.226 0.94143 0.74334 0.60186 0.49363 0.40979 0.34444 0.29166 0.24842 
19.485 2.2841 1.5924 1.172 0.89976 0.71041 0.57525 0.4719 0.39188 0.32952 0.27916 0.23791 
19.879 2.1859 1.5228 1.1203 0.85989 0.6789 0.54978 0.45109 0.37471 0.31521 0.26717 0.22782 
20.28 2.0919 1.4562 1.0709 0.82175 0.64874 0.52539 0.43117 0.35827 0.30149 0.25566 0.21812 
20.69 2.0018 1.3925 1.0236 0.78526 0.61989 0.50206 0.41209 0.34251 0.28834 0.24461 0.20881 
21.108 1.9156 1.3316 0.9783 0.75035 0.59229 0.47972 0.39382 0.32742 0.27573 0.23402 0.19987 
21.535 1.8331 1.2732 0.935 0.71696 0.56588 0.45835 0.37634 0.31296 0.26364 0.22386 0.19129 
21.97 1.754 1.2174 0.89359 0.68503 0.54063 0.43791 0.3596 0.29911 0.25206 0.21411 0.18305 
22.413 1.6783 1.164 0.85398 0.65449 0.51647 0.41835 0.34359 0.28586 0.24097 0.20477 0.17515 
22.866 1.6059 1.1129 0.8161 0.62529 0.49337 0.39964 0.32826 0.27317 0.23034 0.19581 0.16756 
23.328 1.5365 1.064 0.77987 0.59736 0.47127 0.38174 0.3136 0.26102 0.22016 0.18723 0.16029 
23.799 1.4701 1.0173 0.74523 0.57066 0.45015 0.36463 0.29957 0.24939 0.21041 0.179 0.15331 
24.28 1.4065 0.97251 0.7121 0.54513 0.42995 0.34826 0.28615 0.23826 0.20108 0.17112 0.14662 
24.771 1.3457 0.92972 0.68042 0.52072 0.41064 0.33261 0.27331 0.22761 0.19214 0.16357 0.14021 
25.271 1.2874 0.88878 0.65013 0.49738 0.39218 0.31765 0.26103 0.21743 0.18358 0.15633 0.13406 
25.782 1.2316 0.84962 0.62116 0.47508 0.37453 0.30334 0.24929 0.20768 0.17539 0.14941 0.12817 
26.302 1.1783 0.81216 0.59347 0.45375 0.35766 0.28966 0.23806 0.19835 0.16755 0.14277 0.12253 
26.834 1.1272 0.77634 0.567 0.43337 0.34153 0.27659 0.22733 0.18943 0.16005 0.13642 0.11712 
27.376 1.0783 0.74208 0.5417 0.41389 0.32612 0.26409 0.21707 0.1809 0.15288 0.13034 0.11194 
27.929 1.0315 0.70932 0.5175 0.39528 0.31139 0.25214 0.20725 0.17275 0.14601 0.12452 0.10697 
28.493 0.98672 0.67798 0.49438 0.37748 0.29732 0.24073 0.19787 0.16495 0.13944 0.11895 0.10222 
29.069 0.94387 0.64802 0.47228 0.36048 0.28387 0.22982 0.18891 0.15749 0.13316 0.11362 0.09767 
29.656 0.90286 0.61937 0.45115 0.34424 0.27102 0.2194 0.18034 0.15036 0.12716 0.10852 0.093314 
30.255 0.86361 0.59197 0.43096 0.32871 0.25874 0.20944 0.17216 0.14355 0.12141 0.10364 0.089143 
30.866 0.82606 0.56577 0.41166 0.31388 0.24701 0.19992 0.16433 0.13703 0.11592 0.09897 0.085152 
31.49 0.79012 0.54072 0.39321 0.2997 0.23581 0.19083 0.15686 0.13081 0.11067 0.094506 0.081333 
32.126 0.75574 0.51677 0.37559 0.28616 0.2251 0.18215 0.14971 0.12486 0.10565 0.090236 0.077678 
32.775 0.72284 0.49387 0.35874 0.27323 0.21488 0.17385 0.14289 0.11917 0.10085 0.086153 0.074182 
33.437 0.69136 0.47198 0.34265 0.26087 0.20511 0.16592 0.13637 0.11374 0.096261 0.082249 0.070837 
34.112 0.66124 0.45105 0.32727 0.24906 0.19578 0.15836 0.13014 0.10855 0.091878 0.078517 0.067638 
34.801 0.63243 0.43104 0.31257 0.23779 0.18687 0.15113 0.1242 0.10359 0.087689 0.074949 0.064579 
35.504 0.60486 0.41191 0.29853 0.22702 0.17836 0.14422 0.11852 0.098855 0.083687 0.071538 0.061653 
36.222 0.57848 0.39362 0.28511 0.21673 0.17023 0.13763 0.11309 0.09433 0.079862 0.068279 0.058856 
36.953 0.55325 0.37614 0.27229 0.2069 0.16247 0.13133 0.10791 0.090009 0.076209 0.065164 0.056181 
37.7 0.52911 0.35943 0.26004 0.19751 0.15506 0.12532 0.10296 0.085882 0.072719 0.062187 0.053625 
38.462 0.50601 0.34346 0.24834 0.18855 0.14798 0.11958 0.098237 0.08194 0.069385 0.059343 0.051181 
39.239 0.48392 0.32819 0.23716 0.17999 0.14122 0.1141 0.093726 0.078176 0.066201 0.056626 0.048846 
40.031 0.46279 0.3136 0.22648 0.17181 0.13477 0.10887 0.089419 0.074582 0.06316 0.05403 0.046614 
40.84 0.44257 0.29965 0.21628 0.164 0.12861 0.10387 0.085307 0.071151 0.060256 0.051551 0.044481 
41.665 0.42323 0.28631 0.20653 0.15655 0.12272 0.099101 0.081381 0.067874 0.057483 0.049182 0.042443 
42.507 0.40473 0.27357 0.19722 0.14943 0.11711 0.094548 0.077634 0.064746 0.054835 0.04692 0.040497 
43.365 0.38704 0.26139 0.18833 0.14263 0.11175 0.090202 0.074057 0.06176 0.052307 0.04476 0.038637 
44.241 0.37012 0.24975 0.17983 0.13614 0.10663 0.086053 0.070642 0.05891 0.049893 0.042697 0.036861 
45.135 0.35393 0.23863 0.17172 0.12994 0.10174 0.082093 0.067383 0.056189 0.047589 0.040728 0.035164 
46.047 0.33844 0.22799 0.16397 0.12402 0.097078 0.078314 0.064273 0.053592 0.045389 0.038847 0.033544 
46.977 0.32363 0.21783 0.15656 0.11837 0.092626 0.074707 0.061304 0.051113 0.04329 0.037052 0.031997 
47.926 0.30947 0.20812 0.14949 0.11297 0.088376 0.071264 0.058471 0.048748 0.041286 0.035338 0.030519 
48.894 0.29592 0.19884 0.14274 0.10782 0.08432 0.067978 0.055768 0.04649 0.039373 0.033702 0.029109 
49.882 0.28296 0.18997 0.13629 0.1029 0.080449 0.064843 0.053188 0.044336 0.037547 0.03214 0.027762 
50.89 0.27057 0.1815 0.13013 0.098208 0.076754 0.061851 0.050726 0.04228 0.035805 0.03065 0.026476 
51.918 0.25872 0.1734 0.12425 0.093726 0.073227 0.058996 0.048377 0.040318 0.034143 0.029227 0.025249 
52.966 0.24738 0.16566 0.11863 0.089448 0.069861 0.056271 0.046135 0.038447 0.032557 0.027869 0.024077 
54.036 0.23654 0.15827 0.11326 0.085363 0.066649 0.053671 0.043997 0.036661 0.031043 0.026574 0.022959 
55.128 0.22618 0.1512 0.10814 0.081464 0.063584 0.05119 0.041956 0.034957 0.029599 0.025338 0.021892 
56.242 0.21626 0.14445 0.10324 0.077742 0.060658 0.048823 0.040009 0.033332 0.028221 0.024158 0.020874 
57.378 0.20678 0.138 0.098571 0.074189 0.057867 0.046565 0.038152 0.031781 0.026907 0.023033 0.019902 
58.537 0.19771 0.13183 0.094108 0.070797 0.055203 0.044411 0.036381 0.030302 0.025653 0.021959 0.018975 
59.72 0.18904 0.12594 0.089847 0.06756 0.05266 0.042355 0.034691 0.028891 0.024456 0.020934 0.01809 
60.926 0.18075 0.12031 0.085777 0.06447 0.050235 0.040394 0.033078 0.027545 0.023315 0.019957 0.017246 
62.157 0.17282 0.11494 0.081892 0.061521 0.04792 0.038523 0.03154 0.026261 0.022227 0.019025 0.016441 
63.412 0.16523 0.1098 0.078181 0.058706 0.045711 0.036738 0.030073 0.025036 0.021189 0.018136 0.015672 
64.693 0.15798 0.10489 0.074638 0.056019 0.043604 0.035035 0.028674 0.023868 0.020199 0.017288 0.014939 
66.0 0.15105 0.1002 0.071255 0.053455 0.041593 0.033411 0.02734 0.022754 0.019254 0.016479 0.01424 
67.334 0.14442 0.095716 0.068024 0.051007 0.039675 0.031861 0.026067 0.021692 0.018354 0.015707 0.013573 
68.694 0.13808 0.091435 0.06494 0.048671 0.037844 0.030383 0.024852 0.020678 0.017495 0.014971 0.012938 
70.082 0.13201 0.087344 0.061995 0.046442 0.036098 0.028974 0.023695 0.019712 0.016676 0.01427 0.012331 
71.497 0.12622 0.083436 0.059183 0.044314 0.034432 0.027629 0.02259 0.018791 0.015894 0.0136 0.011752 
72.942 0.12067 0.079702 0.056498 0.042284 0.032842 0.026346 0.021537 0.017912 0.01515 0.012962 0.011201 
74.415 0.11537 0.076134 0.053935 0.040346 0.031326 0.025123 0.020533 0.017074 0.014439 0.012354 0.010675 
75.918 0.1103 0.072726 0.051487 0.038496 0.029879 0.023956 0.019575 0.016275 0.013762 0.011774 0.010173 
77.452 0.10546 0.06947 0.04915 0.036731 0.028498 0.022843 0.018661 0.015513 0.013117 0.011221 0.0096949 
79.017 0.10082 0.06636 0.046919 0.035047 0.027182 0.021781 0.01779 0.014787 0.012501 0.010693 0.0092388 
80.613 0.09639 0.063388 0.044789 0.03344 0.025925 0.020769 0.01696 0.014094 0.011914 0.01019 0.008804 
82.241 0.092154 0.060549 0.042755 0.031906 0.024727 0.019803 0.016168 0.013434 0.011354 0.0097108 0.0083894 
83.903 0.088103 0.057837 0.040814 0.030442 0.023584 0.018882 0.015412 0.012804 0.010821 0.0092538 0.0079942 
85.598 0.084229 0.055246 0.03896 0.029045 0.022493 0.018004 0.014692 0.012204 0.010312 0.0088181 0.0076174 
87.327 0.080526 0.052771 0.03719 0.027712 0.021453 0.017166 0.014006 0.011631 0.0098273 0.0084027 0.0072582 
89.091 0.076985 0.050407 0.035501 0.026441 0.020461 0.016368 0.013351 0.011086 0.0093651 0.0080068 0.0069158 
90.891 0.0736 0.048148 0.033888 0.025227 0.019514 0.015606 0.012727 0.010565 0.0089245 0.0076294 0.0065894 
92.727 0.070363 0.04599 0.032348 0.024069 0.018611 0.014879 0.012131 0.010069 0.0085045 0.0072696 0.0062783 
94.6 0.067268 0.043929 0.030878 0.022964 0.01775 0.014187 0.011564 0.0095967 0.0081041 0.0069267 0.0059818 
96.511 0.064309 0.04196 0.029475 0.021909 0.016928 0.013526 0.011023 0.0091461 0.0077225 0.0065998 0.0056991 
98.461 0.06148 0.040079 0.028135 0.020903 0.016145 0.012896 0.010507 0.0087164 0.0073587 0.0062883 0.0054297 
100.45 0.058775 0.038282 0.026856 0.019943 0.015397 0.012295 0.010015 0.0083069 0.007012 0.0059914 0.0051729 
102.48 0.056189 0.036565 0.025635 0.019027 0.014684 0.011722 0.0095463 0.0079165 0.0066815 0.0057084 0.0049282 
104.55 0.053717 0.034926 0.024469 0.018152 0.014004 0.011176 0.0090993 0.0075444 0.0063665 0.0054387 0.004695 
106.66 0.051353 0.03336 0.023357 0.017318 0.013355 0.010655 0.0086732 0.0071897 0.0060663 0.0051817 0.0044728 
108.82 0.049093 0.031863 0.022295 0.016522 0.012737 0.010159 0.0082669 0.0068516 0.0057802 0.0049367 0.004261 
111.01 0.046932 0.030434 0.021281 0.015763 0.012147 0.0096851 0.0078796 0.0065294 0.0055075 0.0047033 0.0040591 
113.26 0.044866 0.029069 0.020313 0.015039 0.011584 0.0092335 0.0075104 0.0062222 0.0052476 0.0044808 0.0038668 
115.54 0.042892 0.027765 0.019389 0.014347 0.011047 0.0088029 0.0071584 0.0059295 0.0049999 0.0042688 0.0036835 
117.88 0.041003 0.02652 0.018507 0.013688 0.010535 0.0083924 0.0068229 0.0056504 0.0047639 0.0040668 0.0035089 
120.26 0.039198 0.02533 0.017665 0.013058 0.010047 0.0080009 0.006503 0.0053845 0.004539 0.0038743 0.0033425 
122.69 0.037472 0.024193 0.016861 0.012458 0.009581 0.0076277 0.0061981 0.005131 0.0043246 0.0036908 0.0031839 
125.17 0.035823 0.023108 0.016094 0.011885 0.0091369 0.0072718 0.0059075 0.0048894 0.0041203 0.003516 0.0030328 
127.7 0.034245 0.022071 0.015361 0.011339 0.0087132 0.0069325 0.0056304 0.0046591 0.0039256 0.0033495 0.0028889 
130.28 0.032737 0.02108 0.014662 0.010817 0.0083092 0.006609 0.0053663 0.0044397 0.0037401 0.0031908 0.0027517 
132.91 0.031295 0.020134 0.013995 0.010319 0.0079238 0.0063005 0.0051145 0.0042305 0.0035633 0.0030396 0.0026211 
135.59 0.029917 0.019231 0.013358 0.0098448 0.0075563 0.0060064 0.0048746 0.0040312 0.0033949 0.0028955 0.0024966 
138.33 0.0286 0.018367 0.01275 0.0093919 0.0072058 0.005726 0.0046458 0.0038412 0.0032344 0.0027582 0.002378 
141.13 0.02734 0.017543 0.012169 0.0089598 0.0068716 0.0054587 0.0044278 0.0036602 0.0030814 0.0026274 0.002265 
143.98 0.026136 0.016755 0.011615 0.0085475 0.0065528 0.0052038 0.00422 0.0034877 0.0029357 0.0025028 0.0021573 
146.89 0.024984 0.016003 0.011087 0.0081542 0.0062488 0.0049608 0.0040219 0.0033233 0.0027968 0.0023841 0.0020547 
149.85 0.023884 0.015285 0.010582 0.007779 0.0059588 0.0047291 0.0038331 0.0031666 0.0026645 0.002271 0.001957 
152.88 0.022832 0.014599 0.0101 0.007421 0.0056823 0.0045083 0.0036531 0.0030172 0.0025384 0.0021632 0.001864 
155.97 0.021826 0.013943 0.00964 0.0070794 0.0054186 0.0042977 0.0034815 0.002875 0.0024183 0.0020606 0.0017753 
159.12 0.020864 0.013317 0.009201 0.0067536 0.0051671 0.0040969 0.003318 0.0027393 0.0023038 0.0019627 0.0016908 
162.33 0.019945 0.012719 0.008782 0.0064427 0.0049273 0.0039055 0.0031622 0.0026101 0.0021948 0.0018696 0.0016104 
165.61 0.019066 0.012148 0.008382 0.0061462 0.0046986 0.003723 0.0030137 0.002487 0.0020908 0.0017808 0.0015337 
168.96 0.018226 0.011602 0.0080003 0.0058632 0.0044805 0.0035491 0.0028721 0.0023696 0.0019918 0.0016962 0.0014607 
172.37 0.017423 0.011081 0.0076359 0.0055933 0.0042725 0.0033832 0.0027372 0.0022578 0.0018975 0.0016157 0.0013911 
175.85 0.016655 0.010584 0.0072881 0.0053358 0.0040741 0.0032251 0.0026086 0.0021513 0.0018076 0.0015389 0.0013249 
179.41 0.015921 0.010108 0.0069561 0.0050901 0.003885 0.0030744 0.002486 0.0020497 0.001722 0.0014658 0.0012618 
183.03 0.015219 0.0096542 0.0066392 0.0048557 0.0037046 0.0029307 0.0023692 0.001953 0.0016404 0.0013961 0.0012017 
186.73 0.014549 0.0092206 0.0063367 0.0046321 0.0035326 0.0027937 0.0022578 0.0018608 0.0015627 0.0013298 0.0011444 
190.5 0.013907 0.0088064 0.006048 0.0044188 0.0033685 0.0026631 0.0021517 0.0017729 0.0014887 0.0012666 0.0010899 
194.35 0.013294 0.0084108 0.0057725 0.0042153 0.0032121 0.0025386 0.0020506 0.0016892 0.0014181 0.0012064 0.001038 
198.28 0.012708 0.008033 0.0055095 0.0040212 0.0030629 0.0024199 0.0019542 0.0016095 0.0013509 0.001149 0.00098848 
202.28 0.012148 0.0076721 0.0052584 0.003836 0.0029207 0.0023068 0.0018623 0.0015335 0.0012869 0.0010944 0.00094136 
206.37 0.011613 0.0073274 0.0050188 0.0036593 0.002785 0.0021989 0.0017747 0.001461 0.0012259 0.0010423 0.00089648 
210.54 0.011101 0.0069982 0.0047901 0.0034908 0.0026556 0.0020961 0.0016913 0.001392 0.0011677 0.00099277 0.00085373 
214.79 0.010611 0.0066838 0.0045718 0.00333 0.0025323 0.0019981 0.0016118 0.0013263 0.0011124 0.00094555 0.00081302 
219.13 0.010144 0.0063835 0.0043635 0.0031766 0.0024146 0.0019046 0.001536 0.0012636 0.0010596 0.00090057 0.00077424 
223.56 0.0096965 0.0060967 0.0041646 0.0030302 0.0023025 0.0018156 0.0014637 0.0012039 0.0010094 0.00085773 0.00073731 
228.07 0.009269 0.0058227 0.0039748 0.0028906 0.0021955 0.0017306 0.0013949 0.001147 0.00096152 0.00081692 0.00070214 
232.68 0.0088603 0.0055611 0.0037937 0.0027575 0.0020935 0.0016497 0.0013293 0.0010928 0.00091591 0.00077805 0.00066864 
237.38 0.0084697 0.0053112 0.0036208 0.0026304 0.0019962 0.0015725 0.0012668 0.0010412 0.00087247 0.00074103 0.00063673 
242.17 0.0080963 0.0050725 0.0034557 0.0025092 0.0019035 0.001499 0.0012072 0.000992 0.00083108 0.00070576 0.00060635 
247.07 0.0077393 0.0048446 0.0032982 0.0023936 0.001815 0.0014288 0.0011504 0.00094512 0.00079165 0.00067217 0.00057741 
252.06 0.007398 0.0046269 0.0031479 0.0022833 0.0017307 0.001362 0.0010963 0.00090045 0.00075409 0.00064018 0.00054985 
257.15 0.0070718 0.0044189 0.0030044 0.0021781 0.0016502 0.0012983 0.0010447 0.00085789 0.00071831 0.0006097 0.0005236 
262.34 0.00676 0.0042204 0.0028675 0.0020778 0.0015736 0.0012375 0.00099555 0.00081734 0.00068423 0.00058068 0.0004986 
267.64 0.0064619 0.0040307 0.0027367 0.001982 0.0015004 0.0011796 0.00094871 0.00077871 0.00065176 0.00055303 0.0004748 
273.05 0.006177 0.0038495 0.002612 0.0018907 0.0014307 0.0011244 0.00090407 0.0007419 0.00062083 0.0005267 0.00045213 
278.57 0.0059046 0.0036765 0.0024929 0.0018036 0.0013642 0.0010718 0.00086153 0.00070682 0.00059136 0.00050162 0.00043054 
284.19 0.0056442 0.0035113 0.0023793 0.0017204 0.0013008 0.0010217 0.00082099 0.0006734 0.0005633 0.00047773 0.00040998 
289.94 0.0053953 0.0033534 0.0022708 0.0016411 0.0012403 0.00097386 0.00078235 0.00064157 0.00053656 0.00045498 0.0003904 
295.79 0.0051573 0.0032027 0.0021673 0.0015655 0.0011827 0.00092829 0.00074553 0.00061123 0.00051109 0.00043331 0.00037175 
301.77 0.0049299 0.0030588 0.0020684 0.0014934 0.0011277 0.00088484 0.00071044 0.00058233 0.00048683 0.00041267 0.00035399 
307.86 0.0047125 0.0029213 0.0019741 0.0014245 0.0010753 0.00084343 0.00067701 0.00055479 0.00046372 0.00039301 0.00033708 
314.08 0.0045046 0.00279 0.0018841 0.0013589 0.0010253 0.00080396 0.00064514 0.00052856 0.0004417 0.00037429 0.00032098 
320.43 0.004306 0.0026645 0.0017982 0.0012962 0.00097763 0.00076633 0.00061478 0.00050356 0.00042073 0.00035646 0.00030564 
326.9 0.004116 0.0025448 0.0017162 0.0012365 0.00093218 0.00073046 0.00058584 0.00047974 0.00040075 0.00033948 0.00029104 
333.51 0.0039345 0.0024304 0.001638 0.0011795 0.00088884 0.00069627 0.00055826 0.00045705 0.00038172 0.0003233 0.00027713 
340.24 0.003761 0.0023211 0.0015633 0.0011251 0.00084752 0.00066368 0.00053198 0.00043544 0.0003636 0.0003079 0.00026389 
347.12 0.0035951 0.0022168 0.001492 0.0010733 0.00080812 0.00063261 0.00050694 0.00041484 0.00034633 0.00029323 0.00025128 
354.13 0.0034365 0.0021171 0.001424 0.0010238 0.00077055 0.000603 0.00048307 0.00039522 0.00032988 0.00027925 0.00023927 
361.28 0.0032849 0.0020219 0.001359 0.00097659 0.00073472 0.00057477 0.00046033 0.00037652 0.00031422 0.00026595 0.00022783 
368.58 0.00314 0.001931 0.0012971 0.00093157 0.00070056 0.00054786 0.00043866 0.00035871 0.00029929 0.00025327 0.00021694 
376.03 0.0030015 0.0018442 0.0012379 0.00088863 0.00066798 0.00052221 0.000418 0.00034174 0.00028508 0.0002412 0.00020657 
383.62 0.0028691 0.0017613 0.0011815 0.00084766 0.00063693 0.00049776 0.00039832 0.00032557 0.00027154 0.00022971 0.0001967 
391.37 0.0027426 0.0016821 0.0011276 0.00080858 0.00060731 0.00047446 0.00037957 0.00031017 0.00025864 0.00021876 0.00018729 
399.28 0.0026216 0.0016065 0.0010762 0.0007713 0.00057907 0.00045225 0.0003617 0.0002955 0.00024635 0.00020833 0.00017834 
407.34 0.0025059 0.0015343 0.0010271 0.00073574 0.00055214 0.00043107 0.00034466 0.00028152 0.00023465 0.0001984 0.00016981 
415.57 0.0023954 0.0014653 0.00098024 0.00070182 0.00052647 0.00041089 0.00032843 0.0002682 0.0002235 0.00018894 0.00016169 
423.97 0.0022897 0.0013994 0.00093553 0.00066946 0.00050198 0.00039165 0.00031297 0.00025551 0.00021288 0.00017993 0.00015396 
432.53 0.0021887 0.0013365 0.00089287 0.0006386 0.00047864 0.00037331 0.00029823 0.00024342 0.00020277 0.00017136 0.0001466 
441.27 0.0020922 0.0012764 0.00085214 0.00060915 0.00045638 0.00035583 0.00028419 0.0002319 0.00019314 0.00016319 0.00013959 
450.19 0.0019999 0.001219 0.00081328 0.00058107 0.00043516 0.00033917 0.0002708 0.00022092 0.00018396 0.00015541 0.00013291 
459.28 0.0019116 0.0011642 0.00077619 0.00055428 0.00041492 0.00032329 0.00025805 0.00021047 0.00017522 0.000148 0.00012656 
468.56 0.0018273 0.0011118 0.00074079 0.00052872 0.00039562 0.00030815 0.0002459 0.00020051 0.00016689 0.00014094 0.0001205 
478.02 0.0017467 0.0010619 0.000707 0.00050434 0.00037722 0.00029372 0.00023432 0.00019102 0.00015896 0.00013422 0.00011474 
487.68 0.0016696 0.0010141 0.00067475 0.00048109 0.00035968 0.00027997 0.00022328 0.00018198 0.00015141 0.00012782 0.00010925 
497.53 0.001596 0.0009685 0.00064398 0.0004589 0.00034295 0.00026686 0.00021276 0.00017337 0.00014422 0.00012172 0.00010403 
507.58 0.0015256 0.00092495 0.0006146 0.00043774 0.000327 0.00025436 0.00020274 0.00016516 0.00013736 0.00011592 9.9052e-05 
517.84 0.0014583 0.00088336 0.00058657 0.00041756 0.00031179 0.00024245 0.00019319 0.00015735 0.00013084 0.00011039 9.4314e-05 
528.3 0.0013939 0.00084364 0.00055981 0.0003983 0.00029729 0.00023109 0.00018409 0.0001499 0.00012462 0.00010513 8.9802e-05 
538.97 0.0013324 0.0008057 0.00053428 0.00037994 0.00028346 0.00022027 0.00017542 0.00014281 0.0001187 0.00010011 8.5506e-05 
549.86 0.0012736 0.00076947 0.00050991 0.00036242 0.00027028 0.00020995 0.00016716 0.00013605 0.00011305 9.5339e-05 8.1416e-05 
560.97 0.0012174 0.00073487 0.00048665 0.0003457 0.00025771 0.00020012 0.00015929 0.00012961 0.00010768 9.0792e-05 7.7521e-05 
572.3 0.0011637 0.00070182 0.00046445 0.00032976 0.00024572 0.00019075 0.00015178 0.00012347 0.00010256 8.6462e-05 7.3812e-05 
583.86 0.0011124 0.00067026 0.00044327 0.00031455 0.00023429 0.00018181 0.00014463 0.00011763 9.7689e-05 8.2338e-05 7.0281e-05 
595.65 0.0010633 0.00064012 0.00042305 0.00030005 0.00022339 0.0001733 0.00013782 0.00011206 9.3046e-05 7.841e-05 6.6918e-05 
607.69 0.0010164 0.00061134 0.00040375 0.00028621 0.000213 0.00016518 0.00013133 0.00010676 8.8624e-05 7.467e-05 6.3716e-05 
619.96 0.00097154 0.00058384 0.00038533 0.00027301 0.00020309 0.00015745 0.00012514 0.0001017 8.4411e-05 7.1109e-05 6.0668e-05 
632.49 0.00092868 0.00055759 0.00036775 0.00026042 0.00019365 0.00015007 0.00011925 9.6888e-05 8.0399e-05 6.7717e-05 5.7765e-05 
645.26 0.0008877 0.00053251 0.00035098 0.00024841 0.00018464 0.00014304 0.00011363 9.2301e-05 7.6578e-05 6.4486e-05 5.5001e-05 
658.3 0.00084853 0.00050857 0.00033497 0.00023696 0.00017605 0.00013634 0.00010828 8.7932e-05 7.2938e-05 6.141e-05 5.2369e-05 
671.6 0.00081109 0.00048569 0.00031969 0.00022603 0.00016786 0.00012996 0.00010318 8.3769e-05 6.9471e-05 5.8481e-05 4.9863e-05 
685.16 0.0007753 0.00046385 0.0003051 0.0002156 0.00016005 0.00012387 9.8314e-05 7.9803e-05 6.6168e-05 5.5691e-05 4.7477e-05 
699.01 0.00074109 0.00044299 0.00029118 0.00020566 0.00015261 0.00011807 9.3683e-05 7.6025e-05 6.3023e-05 5.3034e-05 4.5205e-05 
713.13 0.00070839 0.00042307 0.0002779 0.00019618 0.00014551 0.00011254 8.9269e-05 7.2426e-05 6.0027e-05 5.0504e-05 4.3042e-05 
727.53 0.00067714 0.00040404 0.00026522 0.00018713 0.00013874 0.00010727 8.5064e-05 6.8997e-05 5.7174e-05 4.8095e-05 4.0982e-05 
742.23 0.00064726 0.00038587 0.00025312 0.0001785 0.00013229 0.00010224 8.1056e-05 6.5731e-05 5.4456e-05 4.58e-05 3.9021e-05 
757.22 0.0006187 0.00036852 0.00024158 0.00017027 0.00012613 9.7452e-05 7.7237e-05 6.2619e-05 5.1867e-05 4.3615e-05 3.7153e-05 
772.52 0.0005914 0.00035194 0.00023056 0.00016241 0.00012026 9.2887e-05 7.3598e-05 5.9654e-05 4.9401e-05 4.1534e-05 3.5375e-05 
788.13 0.0005653 0.00033612 0.00022004 0.00015492 0.00011467 8.8536e-05 7.0131e-05 5.683e-05 4.7053e-05 3.9553e-05 3.3682e-05 
804.05 0.00054036 0.000321 0.00021 0.00014778 0.00010933 8.4388e-05 6.6826e-05 5.4139e-05 4.4816e-05 3.7666e-05 3.207e-05 
820.29 0.00051651 0.00030656 0.00020042 0.00014096 0.00010425 8.0435e-05 6.3678e-05 5.1576e-05 4.2685e-05 3.5868e-05 3.0535e-05 
836.86 0.00049372 0.00029278 0.00019128 0.00013446 9.9398e-05 7.6667e-05 6.0678e-05 4.9134e-05 4.0656e-05 3.4157e-05 2.9074e-05 
853.77 0.00047194 0.00027961 0.00018255 0.00012826 9.4774e-05 7.3076e-05 5.7819e-05 4.6808e-05 3.8723e-05 3.2527e-05 2.7682e-05 
871.01 0.00045111 0.00026703 0.00017422 0.00012234 9.0365e-05 6.9653e-05 5.5094e-05 4.4592e-05 3.6882e-05 3.0975e-05 2.6357e-05 
888.61 0.0004312 0.00025502 0.00016627 0.0001167 8.6161e-05 6.639e-05 5.2499e-05 4.248e-05 3.5128e-05 2.9497e-05 2.5095e-05 
906.56 0.00041218 0.00024355 0.00015869 0.00011132 8.2152e-05 6.328e-05 5.0025e-05 4.0469e-05 3.3458e-05 2.809e-05 2.3894e-05 
924.88 0.00039399 0.0002326 0.00015145 0.00010618 7.833e-05 6.0315e-05 4.7668e-05 3.8553e-05 3.1867e-05 2.675e-05 2.2751e-05 
943.56 0.0003766 0.00022214 0.00014454 0.00010129 7.4686e-05 5.749e-05 4.5422e-05 3.6727e-05 3.0352e-05 2.5473e-05 2.1662e-05 
962.62 0.00035998 0.00021215 0.00013794 9.6614e-05 7.1212e-05 5.4796e-05 4.3282e-05 3.4988e-05 2.8909e-05 2.4258e-05 2.0625e-05 
982.07 0.0003441 0.0002026 0.00013165 9.2158e-05 6.7898e-05 5.2229e-05 4.1242e-05 3.3332e-05 2.7535e-05 2.31e-05 1.9637e-05 
1001.9 0.00032891 0.00019349 0.00012564 8.7907e-05 6.4739e-05 4.9783e-05 3.9299e-05 3.1753e-05 2.6225e-05 2.1998e-05 1.8697e-05 
1022.1 0.0003144 0.00018479 0.00011991 8.3852e-05 6.1728e-05 4.745e-05 3.7447e-05 3.025e-05 2.4978e-05 2.0948e-05 1.7802e-05 
1042.8 0.00030053 0.00017648 0.00011444 7.9985e-05 5.8856e-05 4.5227e-05 3.5683e-05 2.8817e-05 2.3791e-05 1.9948e-05 1.695e-05 
1063.9 0.00028726 0.00016854 0.00010922 7.6295e-05 5.6117e-05 4.3109e-05 3.4001e-05 2.7453e-05 2.266e-05 1.8997e-05 1.6139e-05 
1085.4 0.00027459 0.00016096 0.00010424 7.2776e-05 5.3506e-05 4.1089e-05 3.2399e-05 2.6153e-05 2.1582e-05 1.809e-05 1.5366e-05 
1107.3 0.00026247 0.00015372 9.9481e-05 6.9419e-05 5.1017e-05 3.9164e-05 3.0872e-05 2.4915e-05 2.0556e-05 1.7227e-05 1.4631e-05 
1129.6 0.00025089 0.00014681 9.4942e-05 6.6217e-05 4.8643e-05 3.7329e-05 2.9418e-05 2.3735e-05 1.9578e-05 1.6405e-05 1.393e-05 
1152.5 0.00023982 0.0001402 9.061e-05 6.3163e-05 4.638e-05 3.558e-05 2.8031e-05 2.2611e-05 1.8648e-05 1.5622e-05 1.3263e-05 
1175.7 0.00022923 0.0001339 8.6476e-05 6.025e-05 4.4222e-05 3.3913e-05 2.6711e-05 2.154e-05 1.7761e-05 1.4876e-05 1.2628e-05 
1199.5 0.00021912 0.00012788 8.2531e-05 5.7471e-05 4.2165e-05 3.2325e-05 2.5452e-05 2.052e-05 1.6916e-05 1.4166e-05 1.2024e-05 
1223.7 0.00020945 0.00012212 7.8765e-05 5.482e-05 4.0203e-05 3.081e-05 2.4253e-05 1.9548e-05 1.6112e-05 1.349e-05 1.1448e-05 
1248.5 0.0002002 0.00011663 7.5172e-05 5.2291e-05 3.8332e-05 2.9367e-05 2.311e-05 1.8623e-05 1.5346e-05 1.2847e-05 1.09e-05 
1273.7 0.00019137 0.00011138 7.1742e-05 4.9879e-05 3.6549e-05 2.7991e-05 2.2021e-05 1.7741e-05 1.4616e-05 1.2233e-05 1.0378e-05 
1299.4 0.00018292 0.00010637 6.8469e-05 4.7578e-05 3.4848e-05 2.668e-05 2.0983e-05 1.6901e-05 1.3921e-05 1.165e-05 9.8813e-06 
1325.7 0.00017485 0.00010159 6.5345e-05 4.5384e-05 3.3227e-05 2.543e-05 1.9994e-05 1.61e-05 1.3259e-05 1.1094e-05 9.4083e-06 
1352.4 0.00016714 9.7021e-05 6.2363e-05 4.329e-05 3.1681e-05 2.4238e-05 1.9052e-05 1.5338e-05 1.2629e-05 1.0564e-05 8.9578e-06 
1379.8 0.00015976 9.2657e-05 5.9518e-05 4.1293e-05 3.0207e-05 2.3103e-05 1.8154e-05 1.4612e-05 1.2028e-05 1.006e-05 8.529e-06 
1407.6 0.00015271 8.8489e-05 5.6802e-05 3.9389e-05 2.8802e-05 2.202e-05 1.7299e-05 1.392e-05 1.1456e-05 9.5799e-06 8.1206e-06 
1436.1 0.00014597 8.4509e-05 5.4211e-05 3.7572e-05 2.7461e-05 2.0988e-05 1.6484e-05 1.326e-05 1.0911e-05 9.1227e-06 7.7318e-06 
1465.1 0.00013953 8.0708e-05 5.1737e-05 3.5839e-05 2.6184e-05 2.0005e-05 1.5707e-05 1.2632e-05 1.0392e-05 8.6873e-06 7.3616e-06 
1494.7 0.00013337 7.7078e-05 4.9377e-05 3.4186e-05 2.4965e-05 1.9068e-05 1.4967e-05 1.2034e-05 9.8982e-06 8.2727e-06 7.0092e-06 
1524.9 0.00012749 7.3611e-05 4.7124e-05 3.2609e-05 2.3804e-05 1.8174e-05 1.4261e-05 1.1464e-05 9.4275e-06 7.8778e-06 6.6736e-06 
1555.7 0.00012186 7.03e-05 4.4974e-05 3.1104e-05 2.2696e-05 1.7323e-05 1.3589e-05 1.0921e-05 8.9792e-06 7.5019e-06 6.3541e-06 
1587.1 0.00011648 6.7138e-05 4.2922e-05 2.967e-05 2.164e-05 1.6511e-05 1.2949e-05 1.0404e-05 8.5522e-06 7.1438e-06 6.0498e-06 
1619.2 0.00011134 6.4118e-05 4.0963e-05 2.8301e-05 2.0633e-05 1.5738e-05 1.2339e-05 9.9115e-06 8.1455e-06 6.8029e-06 5.7602e-06 
1651.9 0.00010643 6.1234e-05 3.9094e-05 2.6996e-05 1.9673e-05 1.5e-05 1.1757e-05 9.4421e-06 7.7581e-06 6.4782e-06 5.4844e-06 
1685.2 0.00010173 5.848e-05 3.7311e-05 2.575e-05 1.8758e-05 1.4298e-05 1.1203e-05 8.995e-06 7.3892e-06 6.169e-06 5.2218e-06 
1719.3 9.7241e-05 5.5849e-05 3.5608e-05 2.4562e-05 1.7885e-05 1.3628e-05 1.0675e-05 8.569e-06 7.0378e-06 5.8745e-06 4.9718e-06 
1754.0 9.2949e-05 5.3337e-05 3.3983e-05 2.3429e-05 1.7053e-05 1.2989e-05 1.0172e-05 8.1632e-06 6.7031e-06 5.5942e-06 4.7337e-06 
1789.4 8.8847e-05 5.0938e-05 3.2433e-05 2.2349e-05 1.6259e-05 1.2381e-05 9.6926e-06 7.7766e-06 6.3843e-06 5.3272e-06 4.507e-06 
1825.6 8.4926e-05 4.8647e-05 3.0953e-05 2.1318e-05 1.5503e-05 1.1801e-05 9.2359e-06 7.4083e-06 6.0807e-06 5.0729e-06 4.2912e-06 
1862.5 8.1178e-05 4.6459e-05 2.9541e-05 2.0334e-05 1.4782e-05 1.1248e-05 8.8006e-06 7.0574e-06 5.7915e-06 4.8308e-06 4.0858e-06 
1900.1 7.7596e-05 4.4369e-05 2.8193e-05 1.9396e-05 1.4094e-05 1.0721e-05 8.3858e-06 6.7232e-06 5.5161e-06 4.6002e-06 3.8901e-06 
1938.5 7.4171e-05 4.2373e-05 2.6906e-05 1.8502e-05 1.3438e-05 1.0218e-05 7.9906e-06 6.4048e-06 5.2538e-06 4.3806e-06 3.7039e-06 
1977.6 7.0898e-05 4.0467e-05 2.5679e-05 1.7648e-05 1.2813e-05 9.7395e-06 7.6141e-06 6.1015e-06 5.0039e-06 4.1715e-06 3.5265e-06 
2017.6 6.7769e-05 3.8647e-05 2.4507e-05 1.6834e-05 1.2217e-05 9.2832e-06 7.2552e-06 5.8125e-06 4.7659e-06 3.9724e-06 3.3577e-06 
2058.3 6.4778e-05 3.6909e-05 2.3389e-05 1.6058e-05 1.1648e-05 8.8482e-06 6.9133e-06 5.5372e-06 4.5393e-06 3.7828e-06 3.1969e-06 
2099.9 6.1919e-05 3.5248e-05 2.2322e-05 1.5317e-05 1.1106e-05 8.4337e-06 6.5875e-06 5.275e-06 4.3234e-06 3.6023e-06 3.0438e-06 
2142.4 5.9187e-05 3.3663e-05 2.1303e-05 1.461e-05 1.0589e-05 8.0385e-06 6.2771e-06 5.0252e-06 4.1178e-06 3.4303e-06 2.8981e-06 
2185.6 5.6575e-05 3.2149e-05 2.0331e-05 1.3936e-05 1.0097e-05 7.6619e-06 5.9812e-06 4.7872e-06 3.9219e-06 3.2666e-06 2.7593e-06 
2229.8 5.4078e-05 3.0703e-05 1.9404e-05 1.3293e-05 9.6268e-06 7.3029e-06 5.6994e-06 4.5604e-06 3.7354e-06 3.1107e-06 2.6272e-06 
2274.8 5.1691e-05 2.9322e-05 1.8518e-05 1.268e-05 9.1788e-06 6.9607e-06 5.4308e-06 4.3445e-06 3.5578e-06 2.9622e-06 2.5014e-06 
2320.8 4.941e-05 2.8003e-05 1.7673e-05 1.2095e-05 8.7517e-06 6.6345e-06 5.1748e-06 4.1387e-06 3.3886e-06 2.8208e-06 2.3816e-06 
2367.7 4.7229e-05 2.6743e-05 1.6867e-05 1.1537e-05 8.3445e-06 6.3237e-06 4.9309e-06 3.9427e-06 3.2274e-06 2.6862e-06 2.2676e-06 
2415.5 4.5145e-05 2.554e-05 1.6097e-05 1.1005e-05 7.9562e-06 6.0274e-06 4.6985e-06 3.756e-06 3.0739e-06 2.558e-06 2.159e-06 
2464.3 4.3153e-05 2.4391e-05 1.5363e-05 1.0497e-05 7.586e-06 5.745e-06 4.4771e-06 3.5781e-06 2.9277e-06 2.4359e-06 2.0556e-06 
2514.1 4.1248e-05 2.3294e-05 1.4662e-05 1.0013e-05 7.233e-06 5.4758e-06 4.2661e-06 3.4086e-06 2.7885e-06 2.3196e-06 1.9572e-06 
2564.9 3.9428e-05 2.2246e-05 1.3993e-05 9.5512e-06 6.8965e-06 5.2192e-06 4.0651e-06 3.2472e-06 2.6559e-06 2.2089e-06 1.8634e-06 
2616.7 3.7688e-05 2.1246e-05 1.3354e-05 9.1106e-06 6.5756e-06 4.9747e-06 3.8735e-06 3.0934e-06 2.5296e-06 2.1034e-06 1.7742e-06 
2669.5 3.6024e-05 2.029e-05 1.2745e-05 8.6904e-06 6.2696e-06 4.7416e-06 3.6909e-06 2.9469e-06 2.4093e-06 2.003e-06 1.6893e-06 
2723.5 3.4435e-05 1.9377e-05 1.2163e-05 8.2895e-06 5.9778e-06 4.5194e-06 3.517e-06 2.8073e-06 2.2947e-06 1.9074e-06 1.6084e-06 
2778.5 3.2915e-05 1.8506e-05 1.1608e-05 7.9071e-06 5.6997e-06 4.3077e-06 3.3512e-06 2.6744e-06 2.1855e-06 1.8164e-06 1.5313e-06 
2834.6 3.1462e-05 1.7673e-05 1.1079e-05 7.5423e-06 5.4345e-06 4.1058e-06 3.1933e-06 2.5477e-06 2.0816e-06 1.7297e-06 1.458e-06 
2891.9 3.0074e-05 1.6878e-05 1.0573e-05 7.1944e-06 5.1816e-06 3.9134e-06 3.0428e-06 2.427e-06 1.9826e-06 1.6471e-06 1.3882e-06 
2950.3 2.8746e-05 1.6119e-05 1.0091e-05 6.8625e-06 4.9405e-06 3.7301e-06 2.8994e-06 2.3121e-06 1.8883e-06 1.5685e-06 1.3217e-06 
3009.9 2.7478e-05 1.5394e-05 9.6303e-06 6.5459e-06 4.7106e-06 3.5553e-06 2.7627e-06 2.2026e-06 1.7985e-06 1.4936e-06 1.2584e-06 
3070.7 2.6265e-05 1.4702e-05 9.1909e-06 6.244e-06 4.4914e-06 3.3887e-06 2.6325e-06 2.0983e-06 1.713e-06 1.4223e-06 1.1982e-06 
3132.7 2.5106e-05 1.404e-05 8.7715e-06 5.9559e-06 4.2824e-06 3.2299e-06 2.5085e-06 1.9989e-06 1.6315e-06 1.3544e-06 1.1408e-06 
3196.0 2.3998e-05 1.3409e-05 8.3713e-06 5.6812e-06 4.0831e-06 3.0786e-06 2.3902e-06 1.9042e-06 1.5539e-06 1.2898e-06 1.0862e-06 
3260.6 2.2939e-05 1.2806e-05 7.9893e-06 5.4191e-06 3.8931e-06 2.9343e-06 2.2776e-06 1.814e-06 1.48e-06 1.2282e-06 1.0342e-06 
3326.4 2.1926e-05 1.2229e-05 7.6248e-06 5.1691e-06 3.712e-06 2.7968e-06 2.1702e-06 1.7281e-06 1.4096e-06 1.1696e-06 9.8463e-07 
3393.6 2.0959e-05 1.1679e-05 7.2769e-06 4.9307e-06 3.5393e-06 2.6658e-06 2.068e-06 1.6463e-06 1.3426e-06 1.1138e-06 9.3748e-07 
3462.2 2.0034e-05 1.1154e-05 6.9448e-06 4.7032e-06 3.3746e-06 2.5409e-06 1.9705e-06 1.5683e-06 1.2787e-06 1.0606e-06 8.9259e-07 
3532.1 1.915e-05 1.0652e-05 6.6279e-06 4.4862e-06 3.2175e-06 2.4218e-06 1.8776e-06 1.494e-06 1.2179e-06 1.01e-06 8.4985e-07 
3603.5 1.8304e-05 1.0173e-05 6.3255e-06 4.2793e-06 3.0678e-06 2.3083e-06 1.7891e-06 1.4233e-06 1.16e-06 9.6176e-07 8.0915e-07 
3676.3 1.7497e-05 9.7155e-06 6.0369e-06 4.0819e-06 2.9251e-06 2.2002e-06 1.7048e-06 1.3558e-06 1.1048e-06 9.1585e-07 7.704e-07 
3750.6 1.6724e-05 9.2785e-06 5.7614e-06 3.8936e-06 2.789e-06 2.0971e-06 1.6245e-06 1.2916e-06 1.0523e-06 8.7214e-07 7.3351e-07 
3826.3 1.5986e-05 8.8611e-06 5.4985e-06 3.714e-06 2.6592e-06 1.9988e-06 1.5479e-06 1.2305e-06 1.0022e-06 8.3051e-07 6.9838e-07 
3903.6 1.5281e-05 8.4625e-06 5.2476e-06 3.5426e-06 2.5354e-06 1.9052e-06 1.475e-06 1.1722e-06 9.5454e-07 7.9086e-07 6.6494e-07 
3982.5 1.4606e-05 8.0819e-06 5.0082e-06 3.3792e-06 2.4175e-06 1.8159e-06 1.4054e-06 1.1167e-06 9.0914e-07 7.5311e-07 6.331e-07 
4062.9 1.3962e-05 7.7183e-06 4.7797e-06 3.2233e-06 2.305e-06 1.7308e-06 1.3392e-06 1.0638e-06 8.659e-07 7.1716e-07 6.0278e-07 
4145.0 1.3345e-05 7.3711e-06 4.5616e-06 3.0746e-06 2.1977e-06 1.6497e-06 1.2761e-06 1.0134e-06 8.2472e-07 6.8293e-07 5.7391e-07 
4228.7 1.2756e-05 7.0395e-06 4.3534e-06 2.9328e-06 2.0954e-06 1.5724e-06 1.2159e-06 9.6539e-07 7.855e-07 6.5033e-07 5.4643e-07 
4314.2 1.2193e-05 6.7229e-06 4.1548e-06 2.7975e-06 1.9979e-06 1.4987e-06 1.1586e-06 9.1966e-07 7.4814e-07 6.1929e-07 5.2026e-07 
4401.3 1.1655e-05 6.4205e-06 3.9652e-06 2.6684e-06 1.905e-06 1.4285e-06 1.104e-06 8.7611e-07 7.1255e-07 5.8972e-07 4.9535e-07 
4490.2 1.1141e-05 6.1317e-06 3.7843e-06 2.5453e-06 1.8163e-06 1.3616e-06 1.052e-06 8.3461e-07 6.7866e-07 5.6157e-07 4.7163e-07 
4580.9 1.0649e-05 5.8558e-06 3.6116e-06 2.4279e-06 1.7318e-06 1.2978e-06 1.0024e-06 7.9508e-07 6.4639e-07 5.3477e-07 4.4904e-07 
4673.5 1.0179e-05 5.5924e-06 3.4468e-06 2.3159e-06 1.6512e-06 1.237e-06 9.5517e-07 7.5742e-07 6.1564e-07 5.0924e-07 4.2754e-07 
4767.9 9.73e-06 5.3409e-06 3.2895e-06 2.2091e-06 1.5744e-06 1.179e-06 9.1015e-07 7.2155e-07 5.8636e-07 4.8493e-07 4.0707e-07 
4864.2 9.3006e-06 5.1006e-06 3.1394e-06 2.1072e-06 1.5011e-06 1.1238e-06 8.6725e-07 6.8737e-07 5.5847e-07 4.6178e-07 3.8757e-07 
4962.5 8.8901e-06 4.8712e-06 2.9962e-06 2.01e-06 1.4313e-06 1.0711e-06 8.2638e-07 6.5482e-07 5.3191e-07 4.3974e-07 3.6901e-07 
5062.7 8.4977e-06 4.6521e-06 2.8594e-06 1.9172e-06 1.3647e-06 1.0209e-06 7.8743e-07 6.238e-07 5.0661e-07 4.1875e-07 3.5134e-07 
5165.0 8.1227e-06 4.4428e-06 2.729e-06 1.8288e-06 1.3012e-06 9.7307e-07 7.5032e-07 5.9426e-07 4.8252e-07 3.9876e-07 3.3452e-07 
5269.3 7.7642e-06 4.243e-06 2.6044e-06 1.7444e-06 1.2406e-06 9.2748e-07 7.1496e-07 5.6611e-07 4.5957e-07 3.7972e-07 3.185e-07 
5375.8 7.4215e-06 4.0521e-06 2.4856e-06 1.664e-06 1.1829e-06 8.8402e-07 6.8126e-07 5.393e-07 4.3771e-07 3.616e-07 3.0324e-07 
5484.4 7.094e-06 3.8698e-06 2.3722e-06 1.5872e-06 1.1278e-06 8.426e-07 6.4915e-07 5.1376e-07 4.1689e-07 3.4434e-07 2.8872e-07 
5595.2 6.7809e-06 3.6957e-06 2.2639e-06 1.514e-06 1.0754e-06 8.0312e-07 6.1856e-07 4.8942e-07 3.9706e-07 3.279e-07 2.749e-07 
5708.2 6.4816e-06 3.5295e-06 2.1606e-06 1.4441e-06 1.0253e-06 7.6548e-07 5.894e-07 4.6624e-07 3.7818e-07 3.1225e-07 2.6173e-07 
5823.5 6.1956e-06 3.3707e-06 2.062e-06 1.3775e-06 9.7761e-07 7.2962e-07 5.6162e-07 4.4416e-07 3.6019e-07 2.9734e-07 2.492e-07 
5941.2 5.9221e-06 3.2191e-06 1.968e-06 1.314e-06 9.3212e-07 6.9543e-07 5.3515e-07 4.2312e-07 3.4306e-07 2.8315e-07 2.3726e-07 
6061.2 5.6608e-06 3.0743e-06 1.8782e-06 1.2533e-06 8.8875e-07 6.6284e-07 5.0993e-07 4.0308e-07 3.2674e-07 2.6963e-07 2.259e-07 
6183.6 5.4109e-06 2.936e-06 1.7925e-06 1.1955e-06 8.4739e-07 6.3178e-07 4.859e-07 3.8399e-07 3.112e-07 2.5676e-07 2.1508e-07 
6308.5 5.1721e-06 2.8039e-06 1.7107e-06 1.1404e-06 8.0796e-07 6.0218e-07 4.63e-07 3.658e-07 2.964e-07 2.445e-07 2.0478e-07 
6436.0 4.9438e-06 2.6778e-06 1.6326e-06 1.0878e-06 7.7036e-07 5.7396e-07 4.4118e-07 3.4848e-07 2.823e-07 2.3283e-07 1.9498e-07 
6566.0 4.7256e-06 2.5574e-06 1.5581e-06 1.0376e-06 7.3452e-07 5.4707e-07 4.2038e-07 3.3197e-07 2.6888e-07 2.2172e-07 1.8564e-07 
6698.6 4.5171e-06 2.4423e-06 1.487e-06 9.8972e-07 7.0034e-07 5.2143e-07 4.0057e-07 3.1625e-07 2.5609e-07 2.1113e-07 1.7675e-07 
6834.0 4.3177e-06 2.3325e-06 1.4192e-06 9.4406e-07 6.6775e-07 4.97e-07 3.8169e-07 3.0127e-07 2.4391e-07 2.0106e-07 1.6828e-07 
6972.0 4.1272e-06 2.2275e-06 1.3544e-06 9.0051e-07 6.3667e-07 4.7371e-07 3.637e-07 2.87e-07 2.3231e-07 1.9146e-07 1.6023e-07 
7112.9 3.945e-06 2.1273e-06 1.2926e-06 8.5897e-07 6.0705e-07 4.5151e-07 3.4656e-07 2.7341e-07 2.2126e-07 1.8232e-07 1.5255e-07 
7256.6 3.7709e-06 2.0316e-06 1.2336e-06 8.1934e-07 5.788e-07 4.3036e-07 3.3023e-07 2.6046e-07 2.1073e-07 1.7362e-07 1.4525e-07 
7403.1 3.6045e-06 1.9402e-06 1.1773e-06 7.8155e-07 5.5187e-07 4.1019e-07 3.1466e-07 2.4812e-07 2.0071e-07 1.6533e-07 1.3829e-07 
7552.7 3.4454e-06 1.853e-06 1.1236e-06 7.4549e-07 5.2619e-07 3.9097e-07 2.9983e-07 2.3637e-07 1.9117e-07 1.5744e-07 1.3167e-07 
7705.3 3.2933e-06 1.7696e-06 1.0723e-06 7.111e-07 5.017e-07 3.7265e-07 2.857e-07 2.2517e-07 1.8207e-07 1.4992e-07 1.2536e-07 
7860.9 3.148e-06 1.69e-06 1.0234e-06 6.783e-07 4.7835e-07 3.5519e-07 2.7223e-07 2.1451e-07 1.7341e-07 1.4276e-07 1.1936e-07 
8019.7 3.009e-06 1.614e-06 9.7671e-07 6.47e-07 4.561e-07 3.3855e-07 2.594e-07 2.0435e-07 1.6517e-07 1.3595e-07 1.1364e-07 
8181.7 2.8762e-06 1.5414e-06 9.3214e-07 6.1716e-07 4.3487e-07 3.2268e-07 2.4718e-07 1.9467e-07 1.5731e-07 1.2946e-07 1.082e-07 
8347.0 2.7493e-06 1.4721e-06 8.8961e-07 5.8869e-07 4.1464e-07 3.0756e-07 2.3553e-07 1.8545e-07 1.4983e-07 1.2328e-07 1.0302e-07 
8515.6 2.628e-06 1.4058e-06 8.4901e-07 5.6153e-07 3.9534e-07 2.9315e-07 2.2443e-07 1.7667e-07 1.427e-07 1.1739e-07 9.8086e-08 
8687.7 2.512e-06 1.3426e-06 8.1027e-07 5.3562e-07 3.7694e-07 2.7941e-07 2.1385e-07 1.683e-07 1.3591e-07 1.1179e-07 9.3389e-08 
8863.2 2.4011e-06 1.2822e-06 7.733e-07 5.1091e-07 3.594e-07 2.6632e-07 2.0377e-07 1.6033e-07 1.2945e-07 1.0645e-07 8.8916e-08 
9042.2 2.2951e-06 1.2245e-06 7.3801e-07 4.8735e-07 3.4268e-07 2.5384e-07 1.9417e-07 1.5273e-07 1.2329e-07 1.0137e-07 8.4658e-08 
9224.9 2.1938e-06 1.1694e-06 7.0434e-07 4.6486e-07 3.2673e-07 2.4195e-07 1.8502e-07 1.455e-07 1.1743e-07 9.6533e-08 8.0604e-08 
9411.2 2.097e-06 1.1168e-06 6.722e-07 4.4342e-07 3.1153e-07 2.3061e-07 1.763e-07 1.3861e-07 1.1184e-07 9.1925e-08 7.6744e-08 
9601.3 2.0045e-06 1.0666e-06 6.4153e-07 4.2296e-07 2.9703e-07 2.1981e-07 1.6799e-07 1.3204e-07 1.0652e-07 8.7537e-08 7.3069e-08 
9795.3 1.916e-06 1.0186e-06 6.1225e-07 4.0345e-07 2.8321e-07 2.0951e-07 1.6007e-07 1.2579e-07 1.0146e-07 8.3358e-08 6.9569e-08 
9993.2 1.8314e-06 9.728e-07 5.8432e-07 3.8484e-07 2.7003e-07 1.9969e-07 1.5252e-07 1.1983e-07 9.6631e-08 7.9379e-08 6.6238e-08 
10195.0 1.7506e-06 9.2904e-07 5.5765e-07 3.6708e-07 2.5747e-07 1.9033e-07 1.4534e-07 1.1415e-07 9.2035e-08 7.559e-08 6.3066e-08 
10401.0 1.6733e-06 8.8725e-07 5.3221e-07 3.5015e-07 2.4549e-07 1.8141e-07 1.3849e-07 1.0875e-07 8.7658e-08 7.1981e-08 6.0046e-08 
10611.0 1.5995e-06 8.4733e-07 5.0792e-07 3.34e-07 2.3406e-07 1.7291e-07 1.3196e-07 1.036e-07 8.3489e-08 6.8545e-08 5.717e-08 
10825.0 1.5289e-06 8.0922e-07 4.8475e-07 3.1859e-07 2.2317e-07 1.6481e-07 1.2574e-07 9.869e-08 7.9518e-08 6.5273e-08 5.4432e-08 
11044.0 1.4614e-06 7.7282e-07 4.6263e-07 3.0389e-07 2.1279e-07 1.5709e-07 1.1981e-07 9.4016e-08 7.5736e-08 6.2157e-08 5.1825e-08 
11267.0 1.3969e-06 7.3805e-07 4.4152e-07 2.8987e-07 2.0288e-07 1.4973e-07 1.1417e-07 8.9563e-08 7.2133e-08 5.919e-08 4.9344e-08 
