k[h/Mpc] G1(z=0.00) G1(z=0.50) G1(z=1.0) G1(z=2.0) G1(z=3.0)
0.04341288471758701 1.2109481895178664 1.2193324773047984 1.224376656958456 1.227380211292962 1.2270975210506403
0.0750893922356086 1.2169300693373508 1.2283533811447729 1.2346067750908345 1.2365774026007748 1.2349180446188606
0.10512423484714102 1.2128753414987659 1.1930461245927235 1.1922905479167007 1.2000394635738747 1.2057075369526258
0.13578833181807864 1.2859971594311104 1.2733417147490411 1.265575509794402 1.2526890239309232 1.2445844980697705
0.1678014078015011 1.199580627692055 1.1778965544010855 1.1852600366642245 1.2005481054013625 1.208327666715988
0.19819705373872587 1.2246217686559513 1.2295691205307917 1.2459910116028028 1.2570321856837605 1.2561021082894386
0.22843357424068816 1.4350190275658614 1.3830415103818892 1.3498271781207998 1.2966259549946808 1.2683109625397964
0.2590925949189508 1.4654937735428497 1.4045609564942254 1.3829180362037339 1.3413262207899588 1.3108737803428576
0.2901152471657099 1.4625673930602912 1.3781658358642095 1.3512500746800016 1.3179215440127052 1.2956413556822641
0.32079146357205085 1.4755320333292021 1.373736158388238 1.3760637064526746 1.3576802745839345 1.3293007584899694
0.35111682765054 1.5308945903392213 1.4567740628067498 1.4619676049986072 1.3973894512619387 1.3451873531922465
0.3824752932647276 1.4815234948768208 1.5083744452783223 1.543785122084937 1.4708326852609412 1.3955721898795566
0.41375993633783803 1.6819742122702253 1.5886110956209603 1.552196891029849 1.4297949308321556 1.363572836925176
0.44387973235985057 1.7830767962739824 1.6154749392997827 1.5764673737377746 1.4423171853977919 1.3648842904718599
0.4742131209833677 1.7865855947414122 1.570617150515937 1.5530784103243387 1.4371107556811014 1.3747753189041507
0.5047624725435907 1.8332275738517245 1.590621453552163 1.5852993619430438 1.5131625607862427 1.4413854861974942
0.5354362906786712 1.8530258537674782 1.6303983231977721 1.6735420347321641 1.5136740877457389 1.4242564253259506
0.5662673541039991 1.8374104448505169 1.6127209546814618 1.6316483324954003 1.5281377670358567 1.4432987502190149
0.5970092886779543 1.840573808746775 1.5990799944572098 1.680556754523729 1.5501818802857064 1.4568046321229136
0.6277157545458268 1.8949444346467281 1.6502302602676127 1.751480766488433 1.5447062256781554 1.4558314369752132
0.6582930989347382 1.8981715168220414 1.6563619718974483 1.7570757598626958 1.5917625716826724 1.5023176709738917
0.6887712189481929 1.8720176329658367 1.6900963893687586 1.8201998911293784 1.604326251038013 1.5364467161270965
0.7196035982260218 1.7937198932423148 1.680420809495577 1.7593201430708088 1.6747583416547756 1.578715832311595
0.7501899933016178 1.77734194384775 1.7517861883344104 1.794991296299229 1.676581130316302 1.55168540273764
0.7809464037564745 1.714960731048023 1.7431049954582012 1.8348728470281603 1.6787831210434478 1.5575172558581916
0.8119265809271117 1.7987800078955307 1.7349047584138848 1.801036988035804 1.6928382216299833 1.5955252983781734
0.842647219977409 1.8318375157143196 1.734934683026018 1.8065119530637541 1.722699992733043 1.6090143922626539
0.8731410121004262 1.916334226897608 1.708013522080272 1.8958193432481592 1.7524319675748448 1.6352132839001496
0.9036461088228066 1.9575907718493524 1.717256926769807 1.86756322164641 1.7623202870419958 1.6269872806635444
0.9341275122874713 1.782207912329089 1.83287652497056 1.9456261954497973 1.779524496411401 1.6423200382984242
0.9648797485983911 1.6984488098616857 1.8970154739669134 1.8162949611808064 1.789758942336971 1.6972106034677485
0.9956564801447121 1.6790230039344567 1.8805842016895442 1.887953456156322 1.784286711345437 1.6719797558375311
1.0263789758672643 1.794052880454854 1.8176086262747586 1.9045751010805865 1.8038450069510268 1.6876977785552714
1.0570963702396021 1.656227899236512 1.8577432989758749 1.9452062360115003 1.8651532923168213 1.7089275393954528
1.08772709373597 1.639633990580469 1.9120687471137532 1.887740201001574 1.8751745270027653 1.7441032709830582
1.1184033762889067 1.6641152948619642 1.8213124392417663 1.887516010423771 1.894369876383049 1.7652810941347035
1.1489189970368519 1.7224251524898093 1.857035674779091 1.942754246785242 1.8506990924455184 1.7892098602421351
1.179575424721023 1.6137074728994216 1.739685093879118 1.9649237952671466 1.9253112068963176 1.7765862834143467
1.2102466689689488 1.5594388105010515 1.7773794525908901 1.9673268599637395 1.947194947006965 1.8075429426952876
1.240838034762679 1.6547737613076596 1.7955030886755354 2.0361850727703605 1.9389535111387959 1.7752695750739864
1.2714792993571857 1.4817308429979659 1.8913933656786985 1.9980539840812872 1.9443875518172904 1.8194287158202826
1.3021868989754697 1.4784988198745408 1.7088726518752133 2.0061614642261434 2.0024146970556393 1.8216444662338285
1.3329883524705177 1.4003206987812877 1.8750954281841712 1.9695425401462745 1.9696496917837814 1.8275869628921644
1.3636780656048282 1.5069963787962448 1.828570621171901 2.0145421828186834 1.9609820544783254 1.8398324396370405
1.394333280992331 1.4412099297533465 1.7982426958917768 2.030424932773602 2.0230032300256293 1.8772560089519434
1.424821071494309 1.3623738821985032 1.809863383485125 1.9722011371544652 2.023209671438945 1.8952145439480423
1.4553447636171342 1.3238661115242345 1.8155037947463493 2.0021328067726287 2.006810718652541 1.8889550902928982
1.486120296396585 1.1816502271423401 1.8203758954486937 1.9708784106384716 2.047655212392081 1.8952626218228295
1.5167910912228217 1.260286582092377 1.7664624454141409 1.98444883894208 2.0800350448792564 1.902931226656984
1.5474307304263113 1.2231357969985246 1.8016905220848471 1.9866127103631759 2.033804162719563 1.9476126574423058
1.5782021273026037 1.2367696101623504 1.9100275161565357 1.9383033789063697 2.048745031377811 1.9382515268452627
1.6089618646750554 1.160010109935501 1.8112937973262415 2.0031596729614 2.043781267441374 1.9911900036085737
1.6396850514586925 1.22263967206379 1.843418272703103 2.0254979442048278 2.0885917208326252 1.9596964571029263
1.6701411943258633 1.03447739335651 1.802310334137526 1.9797564881622545 2.09627746686089 1.9365808054526343
1.700745924180268 1.110486530809155 1.7928015943506694 1.937948753655483 2.101368901622549 1.9518306315194334
1.7314389100653933 1.1423640866137286 1.7689082962193958 1.8978420254056516 2.0745026850971957 1.9840665280976697
1.761936815822272 1.087334424419233 1.7635810083599845 1.9809304630330118 2.0985395140045755 2.016236558838835
1.7925998832778753 1.2482995099648075 1.6641647182861217 1.958288528752092 2.1371140295605455 2.034669936035585
1.8232612133958979 1.214015708967 1.6611025308668692 1.9527423979899323 2.128959166089314 2.0452900834193786
1.8540414287667313 1.14866156509144 1.6335237021988351 1.9948743969350686 2.097632654385711 2.016923322089111
1.8847280983890078 1.1304461322777237 1.675204253843996 1.8600377954331555 2.102346504077808 2.0628125903846724
1.915230839193568 1.0256776164649362 1.61936314594546 1.863079602854078 2.125697837234803 2.0418300525976885
1.946006155147987 1.1513372241454078 1.6164966652295683 1.9469612819343252 2.137965609545431 2.065706074263165
1.976693155676542 1.0332727337939385 1.620158752925211 1.8423849375628127 2.1427051274275035 2.0712837535150133
2.007360188552611 1.0399099330702288 1.6846094276672883 1.8269815152566167 2.1591960713865657 2.1043007023664844
2.038003088676487 1.0244376409409706 1.5729927618416402 1.845810621130255 2.1555789556938505 2.071392012527996
2.0685132193509324 1.1651032039373155 1.553600305690407 1.8028224770929473 2.211033801876318 2.094900954299754
2.0992384153417376 1.0631695849041278 1.4968000337256822 1.7926811409679608 2.2154943305444683 2.105568540098009
2.1299534404724976 1.0966911158693138 1.4627509096122933 1.8159482173849053 2.157309036777265 2.1462077661821817
2.1605175346191645 1.066863855038881 1.4730513550339859 1.775521450393893 2.1794579045985056 2.1272302107691328
2.191058119444821 1.0712100932805646 1.4062925644838105 1.764350719819988 2.2199971974190853 2.124012483294525
2.2216711258296016 1.0185383294980577 1.4146895459324789 1.787745710791567 2.183980719991346 2.1674690372417365
2.2525190216018127 1.130330562814501 1.3776213343249673 1.7603854145028712 2.241920563565131 2.1523100689154777
2.2832892553799526 0.9487140748873479 1.3203263739004334 1.7090808742685448 2.230293068442645 2.1733238407516495
2.3139375263725728 1.0803000984655697 1.3266577948528482 1.7263115194193106 2.2069712048195322 2.1678546684357407
2.344605724868078 1.099565468052014 1.291266694734858 1.7513957277222432 2.1985493797516504 2.1800997022109168
2.375184477138245 1.0406613796597497 1.252111350790467 1.6710658788849408 2.1644218772481594 2.2132050450848544
2.4057246673293573 0.9936523152371657 1.2759391647499494 1.7376058274955295 2.2178543082852675 2.1851871871289963
2.4363448113806334 1.1085410698960552 1.3561706933644306 1.6380369063444675 2.2158832441082037 2.197370695859965
2.466913116374169 1.103295062425108 1.2836398444819306 1.6366434419315707 2.2174161217039092 2.219764473240655
2.4975563657518705 1.060421292621806 1.270731625116353 1.571827004373782 2.2003909413872407 2.2066356531196614
2.5284007482199686 0.9873063091055367 1.2667810506423756 1.5634535098364601 2.2408296783471187 2.2232568046919305
2.5590890072444137 1.0689235092305072 1.2141330787407592 1.5699284924696013 2.200109978317797 2.2370288400990512
2.5896806116806927 1.0159746475675424 1.2638548144562196 1.640214809224525 2.1668238052293933 2.221206213364866
2.6203466014530283 0.8971473880867176 1.2707164455503521 1.5283260477685279 2.1652211203054135 2.236173615521433
2.651080912702199 0.957460282967072 1.23021956082989 1.557142453743345 2.2135502064951265 2.2368570066185347
2.6817126062011036 0.9207854556588513 1.1644525906093677 1.5761933590711412 2.241564666324795 2.246087936033339
2.712165630681784 0.8179879619981989 1.1902098338912173 1.598925418008295 2.27013811982669 2.2336418148893475
2.742858123723105 0.9214229024779319 1.1225212059891065 1.5154431148965468 2.2394850910638096 2.238914626588847
2.7736726388980055 0.8820638601016628 1.1599527501243263 1.4789902293080988 2.1866391958182483 2.278294773064519
2.804302820655223 0.8750402275637792 1.0975681491932112 1.4660869053298855 2.2006150424656044 2.271722298912665
2.834917291331422 0.888476871116729 1.199910118906728 1.4653298230907792 2.252746252297234 2.242703092923164
2.8655716015120105 0.8896088751504394 1.11183433329124 1.5134987669724158 2.229989078771938 2.282552232817233
2.8962234584307502 0.8754491768457606 1.0435008475068415 1.4509480005596802 2.2385579207763295 2.2784538119768643
2.926854426156121 0.8338718963593006 1.0185974268428115 1.396847933966313 2.239022443306979 2.310522302161634
2.9574052944139524 0.8365370420964546 1.096147011241619 1.4300787148400809 2.185117426753049 2.2926433550944454
2.988052750977282 0.8032063708866277 0.9962178953611833 1.4112827012124134 2.1714547303922878 2.34063273363658
3.0188472943690257 0.8208740510695312 0.9313187020675467 1.3803087328809234 2.170265452615186 2.30095624933751
3.0494771089447283 0.9173409719895675 0.9666878333299862 1.3763434508666585 2.2297684041392136 2.310876699223507
3.080017421889951 0.8937502496489236 0.9597310762722184 1.3503371959005421 2.210586808046835 2.317201472461659
3.110744872777335 0.8139613439557336 0.9384786565726537 1.398329620621595 2.19823014147992 2.2786985438511094
3.141421084586624 0.8005623769532533 0.9271014188936977 1.3666569740396055 2.1714949725386465 2.3099277399724194
3.172068628248138 0.804179181999739 0.9064880361582863 1.3126808256572813 2.183876767702338 2.2986838306263158
3.202743839361474 0.6984946077165655 0.9587468305241967 1.3299154912411915 2.213492770939019 2.3420356504860678
3.233377970173499 0.7550107346048429 0.9310846019327111 1.369611956793245 2.1899033939358263 2.3198019166496127
3.2640089695448355 0.8599180180251842 0.8625085610857952 1.331005265569344 2.1819746957924475 2.329455366483927
3.2946744222688937 0.7333433049466831 0.8384261983053398 1.343441143335534 2.169431819893914 2.3308414894973053
3.3252955177725587 0.7668048276514072 0.8997867097183687 1.3152996516338717 2.192138508344186 2.287680691945698
3.355907602459837 0.7130402104853661 0.8252309529188533 1.288172777028717 2.1978922672692516 2.3691264485434864
3.3865306737253174 0.7455241028316539 0.8335050006983626 1.316029321891726 2.148892257348982 2.3387812552383904
3.4171757149314272 0.74425339071853 0.89253202702679 1.2935414688267861 2.21366144633871 2.336433944568307
3.4478696153780355 0.7825974439651406 0.8994443260405289 1.3202621184097278 2.133676356593668 2.3696546343581613
3.4785510687562136 0.7374845981805012 0.831813451256378 1.2542591998105568 2.1772389901008653 2.3467956909996537
3.50925022131958 0.7031088393596219 0.9011770234836247 1.2768528116366988 2.1624773073314514 2.3536573251535753
3.539940653302945 0.7048299533020108 0.9216959313200599 1.258550640085157 2.166315643018362 2.365957197053519
3.57056576574176 0.7700639881814464 0.8545365383367709 1.277267131185439 2.149925622032212 2.356667278318529
3.6012277617330914 0.759029297088476 0.7970542757574393 1.2494143968765916 2.177425418846176 2.4024895341089945
3.631841236564645 0.7155285926651433 0.7267209026888946 1.2567989243184836 2.1538704338426164 2.3716902843392145
3.6623767603668616 0.7438232889505481 0.7391847895377432 1.2281388619204252 2.1798512771033156 2.41029559080095
3.693086807517381 0.5792879023545694 0.8207994548043737 1.1526892015306307 2.2075423388590862 2.3712013116096538
3.723774872404399 0.6888337252613796 0.7262468509395779 1.208688321818347 2.1903628787061953 2.3847334404456957
3.7543930029262973 0.7093721734664638 0.7241442498075548 1.1626505782363374 2.1821183574164666 2.377045361136367
3.785080283446499 0.7175985554995967 0.7120671973284858 1.2378891845314914 2.1904979812449015 2.383403684030996
3.815795082008872 0.7625539826717065 0.7895556121809271 1.1765829569835387 2.241513826310741 2.4027810419013074
3.846521658105156 0.7132871142276376 0.7003759309269246 1.2115620490448156 2.183634580127845 2.3814158468074913
3.8770368670411477 0.7018114463738101 0.722761497426236 1.1126453867111814 2.2061396147230274 2.3774766273992127
3.9075642122753926 0.6960263162234082 0.7009933219929494 1.1605570494388344 2.1504377732724658 2.409655102223354
3.938236696424191 0.765832172082026 0.728832107092476 1.2192584477540684 2.199156170136394 2.3790925457057366
3.968919737390054 0.7483065517064991 0.8164268220814114 1.1242561443412449 2.166495583416677 2.400866686125056
3.9996037917254976 0.7692454467895915 0.6996555439558716 1.1426714832673641 2.1965182922439146 2.350066644451106
4.030225463674877 0.6839102741729097 0.7234327104950695 1.1413426183867483 2.205339987676002 2.379159391864964
4.060932122422872 0.7332212880570677 0.7103247671542277 1.201489863617809 2.130787032119378 2.4223963572083713
4.091696298535188 0.7281070081171248 0.7196589588817003 1.156199724985885 2.1140588470394084 2.403440658591718
4.1222925895454985 0.7316107712588726 0.6955194218066292 1.0738506126740077 2.0848711495386176 2.397465439145953
4.152845119446953 0.6611430801629881 0.7172303473560588 1.0565942204130239 2.0944126096366675 2.3640093458092934
4.183517789314664 0.7331722067894619 0.7187566740690463 1.048050510239602 2.0369834233498114 2.4250235550206627
4.214182675026638 0.7636832524349801 0.747140388735164 1.0931263411216245 2.0558676517082377 2.448180963797827
4.244817944262285 0.6980655678706493 0.7300727864119325 1.0441534984773484 2.0676784331566918 2.371359046479821
4.275455262273149 0.6578933038020318 0.6568915557692665 1.1124583490989055 2.0672919529859244 2.4108721809708262
4.306112416596697 0.6599277880148813 0.6826817108490684 1.0507741084798978 2.02450782125178 2.412470573327968
4.3367604416834045 0.6709101213223201 0.656899514612407 0.9603197868473266 2.0535668754511884 2.4144905612773715
4.367364028326304 0.7481359482969252 0.6855035643341472 1.010647037682344 2.0505539836234488 2.413930513417463
4.398030026612897 0.6777461911008331 0.6563052526027582 0.9930297394490304 2.0178152271976204 2.399876312497884
4.428705446734398 0.6521010793649162 0.6560904174197966 1.0619643986886294 2.039916300251739 2.3756510234311183
4.4593938479568624 0.6233191452726861 0.7064193573007946 1.0334800643101965 2.089197931228485 2.4019549623265934
4.490116209994855 0.6320020710067742 0.6273868740322557 0.9968746765132162 2.0618338623412127 2.4342559184945474
4.520752345336199 0.6540591524932038 0.5718051435126902 0.9134664393677399 2.023724735954741 2.417032293003003
4.551386650149141 0.6455191980819341 0.6040488287918837 1.0030520880605118 1.9793527236539206 2.4237267675437897
4.582096221751243 0.6785329503739257 0.5840295218988747 0.9848165421353731 2.03667992534358 2.410866488543026
4.612688534653388 0.594958498429462 0.6249980874921894 1.028376039618612 1.9904770170151291 2.43009831248745
4.643259024743279 0.5978303196593271 0.6651053606703213 0.9840001465889427 1.9803972648872565 2.450221722294338
4.673868740762218 0.6147394551736551 0.6149885722208709 1.0019047865665391 1.9985703690480727 2.3781750245151962
4.70457668398403 0.6040856967012365 0.6125664325486914 1.018428598082242 1.9594217992404035 2.4393642151184336
4.735304013001362 0.6419826574502063 0.6289110639313792 0.9598152032538392 1.9959864099444777 2.4184237456175364
4.765898071021644 0.565795750202398 0.588649717088367 0.9972806494588984 2.0080846953054574 2.435561629741674
4.796520194766579 0.6008821317304291 0.6219632216348867 1.0126573417750042 1.9305534238759505 2.440668641107197
4.82712281462574 0.6601892993251102 0.5415639046306056 0.911328948044871 1.9024559477581504 2.4470221584560434
4.8578107243305215 0.5866009076648326 0.58026799399517 0.9638893335554766 1.8991750937004976 2.3926641626115277
4.888495688830856 0.6045198563277643 0.6071445848119201 0.9901794043325332 1.9112081547333555 2.4319335858111515
4.919067623785439 0.5837539241063872 0.6355370901999002 0.9856206674157342 1.909637665400558 2.432562432935464
4.949747873972601 0.5991504136830772 0.6558966615215484 0.9625784461893434 1.880118039654471 2.3790227068480605
4.980457078890422 0.5652394523298077 0.5867567414344456 0.9999428769073423 1.868984418790176 2.4344760722762464
5.011103157947713 0.5807903557275906 0.5934673800573771 0.9866183291143847 1.90512686101077 2.4312461293715106
5.041765813466237 0.5566914707846637 0.5914729350031165 0.959768109711885 1.8940034170132118 2.420209083676192
5.072439675138551 0.5575300785082749 0.605724606209861 0.9037583306898892 1.8785404323596062 2.428705209098208
5.10306379883577 0.5358349884307034 0.6274053163009041 0.8888972227148726 1.8634831727641206 2.4213464935412583
5.133675448953464 0.6268189254403289 0.6867371294126915 0.955779471193182 1.885963088193329 2.4151876121806906
5.164297654560415 0.5818580653021754 0.6133746969781982 0.8162060239069848 1.855260285072716 2.420084921474671
5.19495995277881 0.6238256504016237 0.6339962191218852 0.8626567456872107 1.8100326889980212 2.4190491010262156
5.22568083554217 0.5350614970207501 0.6531791223695648 0.9450337911808975 1.8364077422685137 2.4221601057617783
5.256346091287109 0.5844397117292244 0.5681385107519196 0.9319331090282514 1.84902547945687 2.4128604734253254
5.286966824751803 0.5316225185477519 0.6460629251263905 0.9125616936219852 1.8586715556753348 2.4092771947762515
5.317620034281391 0.6021178873829358 0.6356532320545129 0.8476497531515979 1.8514045134621164 2.398592885248405
5.3482709499150785 0.5959839628015307 0.6008847365738422 0.9025514990965866 1.8342416692558217 2.4134232765928827
5.378950748103062 0.6037744648275489 0.6022968825883724 0.8885267337546323 1.838866652512527 2.3884579181966714
5.409578746694606 0.5280633063588813 0.6248973112249638 0.8638964240366998 1.8636798339596448 2.389033323288846
5.440127100599964 0.5844202487376415 0.5345733469280965 0.8907537516565287 1.8311160100407315 2.431050659572527
5.470744925834705 0.5036888218492319 0.6249727888418525 0.8830143189719606 1.8401353974493828 2.3973976479488215
5.501430022650824 0.5799493160035618 0.5488895917683057 0.9218354866089227 1.8295765458435178 2.3876251168515674
5.53214520476844 0.5348703791078757 0.552536207274927 0.842285553164076 1.812101821852119 2.401871409323278
5.5627539926006015 0.5520267698355963 0.6251164066660188 0.899867206200893 1.8064913005862047 2.3923095354034905
5.593367868870718 0.5483877355935418 0.580268524404032 0.9109735699337982 1.8402329479768929 2.4064019385175
5.624113690065494 0.5588001858472291 0.6355329301479444 0.8901197023204274 1.8537522734059042 2.37545204676318
5.654780721103304 0.5617434051823034 0.5592400820083407 0.8950462806957007 1.8120855676265233 2.3807775562111324
5.685417009954575 0.5168465814342604 0.5448641729019205 0.875638927114853 1.836424905340305 2.3823035728529547
5.716074347190569 0.5583471040257082 0.5637358354336129 0.8538043950947272 1.7888512566052026 2.3597770682088086
5.746774998068498 0.5833201143332134 0.6184775725411438 0.8542297513421684 1.7608454596466632 2.380252367391019
5.777423306038586 0.5823551992421838 0.6357060823506926 0.8633106869132249 1.7849605074608426 2.3883929571978744
5.808003208626504 0.5296759957663899 0.5974429343678564 0.872068388650739 1.769167812592082 2.3823588046150186
5.838613762004135 0.5513603603731942 0.6261842920325956 0.8849147538100862 1.7707899135923657 2.3881332124013133
5.8692838727201355 0.6045518113610748 0.6773188019842515 0.8501832901920297 1.7628079218673458 2.369210170005274
5.899943649772824 0.5287559930156505 0.5971126126375841 0.892753182790388 1.7601911926020812 2.3306864233461413
5.9305629811599205 0.5365501459739774 0.6186181179917606 0.8981207320050888 1.7382530801922709 2.369647149435459
5.961229675060951 0.5428354277526781 0.6035944593107531 0.8473604373320608 1.738405208823601 2.346345020893019
5.991921092405892 0.49502737154799914 0.6480624181804469 0.8133319305136383 1.7341381226458856 2.3534605727575086
6.022614760998701 0.5652206933561277 0.6209298323577972 0.8968454091579653 1.7784300656649359 2.3602057878082454
6.053206737367959 0.5196779767700876 0.5846635220126599 0.8239662910451186 1.7639951780813279 2.3494232293017925
6.083799738495641 0.4875018443143797 0.6352978643620848 0.7887313598033232 1.7072909114249568 2.3485038019615505
6.114471164792227 0.49891741692226765 0.6255793920939472 0.8119523073535679 1.6745892016592103 2.326709055315676
6.145131186055991 0.5194944130641677 0.700957523965979 0.806026467118721 1.647475101665104 2.3363521363774424
6.1757767202043965 0.5254057629448738 0.5968504606963573 0.8095304337874456 1.6869036645245 2.329725645102786
6.206423000303268 0.49394394199133385 0.6156206081184841 0.76545500395078 1.7003477810613952 2.326539976986159
6.237096434864668 0.47931838743627164 0.5725791597288769 0.7905352708052326 1.68342961777586 2.342463800901572
6.267741492842417 0.4580507292106817 0.5817253983831447 0.8169803882731906 1.650148302317248 2.340322115356144
6.298421654117954 0.5025435800906664 0.6253070299823605 0.7537777133245462 1.6809442774332584 2.280903069615841
6.32910878797443 0.4807843814788826 0.614426405694374 0.7578080254456179 1.5956585167223971 2.322472371895197
6.359721158315376 0.5048395012290063 0.5859250352019703 0.8337667950093199 1.6619184912405713 2.332280164344847
6.3903493888744025 0.5069124006506254 0.5766091246173763 0.7644564298748329 1.594657996320712 2.339300166537095
6.4210038235958296 0.4767290397484436 0.6115013327563532 0.732631619159247 1.6798751600145474 2.2873990731338187
6.4516517563277205 0.49419897569148774 0.6093125289491235 0.764691973517253 1.657920069153314 2.314916687987698
6.482281078581036 0.463902208340472 0.6352331285807085 0.7547104169821357 1.6375159258588563 2.311845531180355
6.512906985866306 0.45098204413642873 0.5535724391659741 0.7253328458061913 1.6537672968481278 2.296074886693545
6.543613722482208 0.46691824791910697 0.6551811693452294 0.7441793452817851 1.6312510791764034 2.2576416471358574
6.574298381710791 0.4517068722214601 0.6212516292932145 0.7643234233442107 1.6135982647374885 2.2439579655490585
6.604888732255651 0.4540201823193002 0.6559933742795783 0.7259803898406254 1.5338567246807306 2.284517492919041
6.635529499839192 0.4323950326518933 0.6790374922163843 0.7156318485501959 1.605076902182709 2.257123671129965
6.66617812802592 0.4430765765411926 0.6512224758621259 0.7269033667778241 1.558835604852228 2.2706235699103736
6.696852865696923 0.4316945183912313 0.6920032214299712 0.7500127747427681 1.6190242920028306 2.265926523219267
6.727505915484715 0.39970326268381595 0.6461280428296095 0.7664555815508677 1.5841761618874255 2.236442009174755
6.758101295671616 0.42898373396636935 0.7035533761731025 0.7218135487738572 1.5669375703148878 2.2434798171853645
6.788782380263182 0.4219827319982683 0.5974844381838955 0.7272707149397433 1.5497067458677867 2.23339706131044
6.819441255290108 0.4374618438712652 0.6912343393014532 0.6822469188627888 1.5288685371779664 2.2776269342047364
6.850088597609649 0.44428839069249215 0.6183823758937679 0.7036202392870445 1.546744650893983 2.2559611367532426
6.880767063355592 0.41131941751197276 0.6453532019498716 0.7304441773266848 1.5159875181023512 2.2593826148009706
6.9114159685561605 0.43302331547703465 0.6438522720219164 0.7362919457203203 1.4956717207443075 2.2599218856820658
6.942053047332843 0.3552001848580122 0.6612386874553333 0.7059088560793557 1.4912319829396896 2.273394563300307
6.972685235385795 0.42906074835550867 0.6207058689924756 0.7025211015743975 1.5030548562876531 2.2544809320813215
7.003351778647644 0.4013457278311028 0.5729005018864886 0.6999941626399099 1.5073849765513136 2.255154279902807
7.034039569390622 0.4391364126673547 0.5888155117382655 0.6908378644618864 1.4970454107619267 2.2305208024193677
7.064669234631867 0.398900776862009 0.6367323714013591 0.7018119943673813 1.5132845138373678 2.227858818490074
7.095292897751143 0.43717276989095777 0.5542567223816198 0.6860158437815674 1.4488004917507733 2.229439174810242
7.125954878233091 0.41046466145103655 0.6026622716443717 0.6438096491609581 1.4073843673701631 2.249638540672173
7.156641924154587 0.4451715150638813 0.6031676098462883 0.7158689027505903 1.4735852367610178 2.2242838420666864
7.1872894492229955 0.4000822228492651 0.6074782562999439 0.6779198616421738 1.384263722185918 2.237281410953944
7.217910139177414 0.4177814390112655 0.5671168535073879 0.7340628219637442 1.408828896741854 2.2453638647412664
7.2485691783523505 0.42290439108542244 0.5969565657206984 0.6620394524436777 1.4195436921274247 2.2269090487690244
7.27918991352567 0.4205304549422306 0.5831390413407279 0.6552030951616681 1.423667275332509 2.2145887321258817
7.309769040096287 0.4222197157661267 0.5987738900922814 0.6734132336944174 1.4045938041549701 2.180622036892114
7.340419279334124 0.41347943449006164 0.6006865679210373 0.705304515646956 1.4357702014860556 2.2073170553669366
7.371104403163581 0.3793239883243482 0.6388518177463423 0.6727854730625058 1.4024366041869079 2.2143484276339116
7.401774162034179 0.36695956309346855 0.563225214246871 0.5936916745651166 1.4225812251826722 2.1872734314236526
7.432460352795604 0.39121831700018816 0.606103126335794 0.6708429836861567 1.416655931300098 2.1873513424511684
7.463135970993188 0.45380227404457907 0.5713765376696865 0.7153962149401691 1.4146751660873773 2.184793130921424
7.4938367694348065 0.4137843656563067 0.5725801782504765 0.7448677858408237 1.429822070146339 2.197700397172334
7.524471054539799 0.3998105796918783 0.5679664292785468 0.6768735801163959 1.371748608376375 2.195193441379704
7.555052587072787 0.40267878106811317 0.6196809463069417 0.6355187633140404 1.421212309212447 2.1861961410871924
7.585730506235616 0.3915140785573723 0.6003517412968303 0.6747287404523379 1.4354961598775504 2.19189017879013
7.616388851061438 0.40057843331343435 0.5268891996938534 0.6401789411219816 1.4348311844269985 2.1509433765248747
7.646986975143308 0.4293125017738697 0.5478377349052832 0.6433052556904453 1.4026370021222851 2.1988300018147604
7.67764293337945 0.3877381289656212 0.571224804690029 0.6401566678252486 1.333957116563052 2.190656833743132
7.708321367010165 0.3896428341557401 0.5628417809731667 0.6831438730888904 1.4367029212046722 2.184358378905417
7.738976058543908 0.3589759166904716 0.556478113230504 0.6932616638819697 1.3834818043712058 2.1766249156424924
7.769583983617338 0.3864442484040076 0.5561472859698577 0.6262080199902436 1.4152337698437176 2.1343626269254057
7.8002398053089195 0.3527620692129685 0.5702672096643788 0.6778493811601998 1.3697426332868623 2.1784135403372753
7.830948460876613 0.3603010264058937 0.5283819198962053 0.6988666977799189 1.3321003213627214 2.181489179961039
7.861575556311477 0.39331623979182995 0.6043645280446366 0.5873843351961942 1.3682525783733475 2.1480163912813515
7.892200892691749 0.37479009487572323 0.5481472771440818 0.679763791648266 1.355132873699818 2.1221922076690523
7.922848602558638 0.3675877211563472 0.5224840268845539 0.5703951158315601 1.373634464583985 2.1588478637370585
7.953491248685887 0.39417313902421425 0.5124385115406428 0.6147897641118977 1.3248826224434844 2.145646582483429
7.984158384461951 0.3642541407640565 0.5496353684682812 0.6934225135950937 1.331004997702217 2.1611537378299883
8.014797490022302 0.3380184106791895 0.5243424749262416 0.636336498291233 1.3044848091736871 2.1482630434414194
8.045412812182713 0.34947458567010536 0.5191896167845941 0.6274264623360466 1.307116674515399 2.1384245613884936
8.076069778176912 0.36630491766799667 0.5180655042893886 0.5945702526026602 1.3459806557014868 2.156876147088893
8.10673584707013 0.2967454260304958 0.5040008072005789 0.6198988774199055 1.3481256302217315 2.135077347478995
8.137417078750179 0.3115298041252368 0.505779733047389 0.6108514324648846 1.3613242383894857 2.127130660765566
8.1680569409577 0.3179147084236855 0.49118269807183235 0.6299172331763991 1.3419108794876915 2.1302037646864873
8.198655751810348 0.31250037335715963 0.4819895404815874 0.6184287149796188 1.270558878013949 2.145121550758651
8.22934615929315 0.34599886323319673 0.4621014980924011 0.5785903904319004 1.303714318451882 2.0960554270480154
8.260058391586002 0.2861611613574033 0.46930208564202214 0.5755955905224852 1.2878679405885598 2.1194349749120187
8.290650957628738 0.32277402703643987 0.5532384912556131 0.6552537872656305 1.3220009772252972 2.0806501907266846
8.321286784390969 0.3256988841038022 0.5160730648457392 0.6008330787682278 1.3294870447563083 2.131341576834104
8.351974123492177 0.287474959708508 0.4946614088901583 0.5812511211766409 1.3335155819416975 2.0790399176114644
8.382629070514982 0.30975944241860676 0.5215870305409178 0.6092309141167846 1.302334906290791 2.1083846450215837
8.413278047084153 0.28858315731188133 0.45956048636242786 0.5624479703783157 1.2860846471878213 2.1159976945819507
8.443892352748806 0.2952686595022125 0.4704718929469643 0.5823350864763253 1.3158194165421775 2.084325831775579
8.474578324440033 0.26741520160944665 0.5237060028273038 0.6222723694997958 1.2818705242534265 2.083402924304359
8.50522072981958 0.2957933561992976 0.4791055748400551 0.6566073790275236 1.2624949240765093 2.0863675602929757
8.53584150862049 0.27286978036837883 0.46834557171166924 0.607938924032415 1.2548636884057451 2.1010166359425124
8.566510391933909 0.2886677182240749 0.46537814245726716 0.5506381493277379 1.282722657459641 2.069935797881463
8.597145237449595 0.315450862556067 0.45982515712201644 0.572206326442704 1.2576156286492086 2.0596220320496297
8.627793468579322 0.22731935623214516 0.43988739754713846 0.596440158714802 1.2501873521705584 2.088600490211995
8.658438316633722 0.2504752770333596 0.4748517553256921 0.5966935440772877 1.2165668043555138 2.081550591691608
8.689101466513543 0.30649969002297883 0.47632189398211755 0.5835691064005826 1.2188815228176955 2.091636810289802
8.719755227176416 0.25102321377132086 0.46860387016757343 0.5762368555907282 1.2171633425649468 2.0641883034822235
8.750411755564787 0.2689490125182936 0.5109713818064965 0.5630551344700322 1.235480703817427 2.058096417288729
8.781057177092231 0.29805306377221563 0.4362397237687744 0.5982171141730173 1.2472863955132936 2.044963859799478
8.811685194299626 0.3070310631968154 0.4939466480296432 0.604928032046667 1.2547924472930092 2.0258268223453473
8.842313571705136 0.2655988781553986 0.502980881695456 0.5916450255407488 1.2152382547655471 2.0210633584757893
8.872962790383935 0.27736704350244 0.45402849875229556 0.5779528269224372 1.2162351557533548 2.029539896134879
8.903634707799931 0.2705734940329063 0.45763377038383857 0.5609698253590133 1.2174465353997852 2.0424216586541943
8.934282733339229 0.2776997393290581 0.5181260358424478 0.5901712130944783 1.2322870467995588 2.05550865283616
8.964938196913163 0.28736054087992513 0.45990423651326856 0.5485598867699878 1.1797457403967022 2.0453446781596893
8.995630699047458 0.2535233860161068 0.41522080550066665 0.5792961934616407 1.2327679914137795 2.0265993913820255
9.026284939446422 0.24114854435531186 0.474745348111609 0.5557450692690411 1.2388905248918185 2.041796029203436
9.056913167074578 0.29472972648258433 0.4633354752398961 0.5262479623302576 1.2220088062252243 2.0280459780620683
9.087555270383875 0.28940194077698767 0.41396444700073187 0.5083664382336478 1.1870329571341092 2.0647502780847797
9.118197990459555 0.2493387197994401 0.4059646208142992 0.5426417508215892 1.1996184626955364 2.051309606050614
9.148875772580157 0.29363467456744563 0.40251076726887414 0.5576997247568041 1.205300729538386 2.0084021988758236
9.17952595683082 0.2660609491690802 0.4149333104623344 0.5224793255254044 1.132879533005462 2.0356805572612835
9.21014881366969 0.2615048434306999 0.44570216338510527 0.5682678191993803 1.1999644520391333 2.0245855460454116
9.240758914336162 0.22960082346615285 0.3977851201176359 0.5627164482717553 1.202235606165507 2.0218060966813534
9.271443277120849 0.2728824916376116 0.4609105379657338 0.513175686705784 1.1560774677642078 1.978662221738404
9.302128176904919 0.26386204071197183 0.4101234053214672 0.49883929956685547 1.1777266575727545 2.0484773536210024
9.332725821028632 0.2921797128979142 0.4278422744437632 0.48306032094519347 1.155721871773566 2.0390150363078954
9.363377275402911 0.26818208138240207 0.4205266533672313 0.4836943030762033 1.164932903293821 1.9980481464694189
9.394036172609484 0.2933557624043803 0.42010005096335123 0.4834069960146265 1.170713333730704 1.9916180878129595
9.42470786339375 0.2927775178446024 0.4295383417922507 0.47912541057306324 1.130392402774146 1.9791434141943214
9.45533919559934 0.2778827196805955 0.4316807644874027 0.557768306802847 1.1420672404933507 2.004005394847146
9.485950204043192 0.26869378585877235 0.4201027783551199 0.5312796928350197 1.1100957155209272 1.9996137352664016
9.516621849297609 0.21721807239714952 0.3946365216719247 0.5388706013101435 1.0993238801547256 1.999026076912672
9.547297576842178 0.25134600501456994 0.37135785002441457 0.46176714958472664 1.1909705303147025 1.9929653594469119
9.577952088748685 0.2671320762715279 0.35541504474448327 0.46979690910168803 1.1570831510549193 1.9625836763931315
9.608592659958571 0.23933180892609984 0.3780048223976551 0.538712155316818 1.052569004392403 1.9908229178457644
9.639265891900836 0.24120248075391815 0.3849958832553288 0.5124404990440411 1.1385473171941962 2.0339183543764316
9.669943033870481 0.2643469533666376 0.4064142562184691 0.5273751023704398 1.127122435220013 2.000275229662904
9.700576595794983 0.23790784849649804 0.3846361721498253 0.4760466169242951 1.0900778771004185 1.960111422039944
9.731211687476483 0.21677172346027618 0.34880088870288684 0.4597751092133562 1.0817004263567123 1.9453928277120842
9.761863193740938 0.2640014400579582 0.3723164304421728 0.4495398729221323 1.1375444622025614 1.9633705041288878
9.792491438890258 0.23256997053292539 0.3624361030661142 0.440319154893678 1.1492498625614957 1.9606822638581245
9.823117176101611 0.2494254050829603 0.36973114097679677 0.44981318326581576 1.1137029582316527 1.9296543041318683
9.853755180272458 0.26660141866799325 0.33915195025635764 0.5043792769097224 1.0831404830477145 1.9535255583143187
9.884447588747612 0.23687187971503154 0.3076924877607534 0.5368287772768023 1.0710237468135082 1.9115273107663135
9.915127558760851 0.2646312067257872 0.3534235786404344 0.5053775165821456 1.0793248978076115 1.9689037096044997
9.945729969367191 0.2361156385876717 0.36090675150250506 0.5142902212909927 1.1431998682304454 1.9209996249219885
9.97636574767265 0.21542806003973847 0.3736616387094335 0.47805708649243095 1.104161108668484 1.9079146732116135
10.007052245847854 0.2606467839930693 0.38721357164675374 0.5185823766622757 1.0926415756622943 1.960422626932092
10.03771488329486 0.24960247304842142 0.3410003257577179 0.4911246347276751 1.0860067471842867 1.9565357463224582
10.068363431584139 0.19438007777037192 0.35189841283858503 0.5035356387636738 1.1248824684156409 1.9270859139656529
10.09902679516371 0.2507592011797366 0.330361658505218 0.4970605541851224 1.0779307430098386 1.9234092635429414
10.129709425782895 0.25213500063027916 0.3404772773047222 0.4904216524260525 1.1079147797019624 1.9222735762115044
10.160322440707295 0.26246285516670076 0.3904794361252437 0.5116307030133994 1.0565799061476935 1.949553842742499
10.190907254510375 0.2686329860584724 0.3587299417939986 0.4785382315729727 1.0756452251067838 1.9008182148725323
10.221587329444622 0.23207250099825938 0.36579283157846276 0.45846334984603393 1.092013319384379 1.9113055476902945
10.25223062307625 0.2590582364357308 0.34540820785553705 0.474156030465957 1.0730602576793165 1.9320998156602165
10.282861634336445 0.23946949886284985 0.3581963710990227 0.4857605645638501 1.086090010806331 1.9143375653251267
10.313521982643397 0.21463051952282486 0.34619401476157075 0.4643443391129606 1.065648052738237 1.9263184437659326
10.344160895982851 0.2562835523086482 0.3162185137891671 0.45967850003623945 1.0468304075493622 1.9000634692705667
10.374820748529073 0.22645333878956952 0.33572654524248186 0.4430114102189634 1.0155987110890328 1.9113633913253103
10.405481992538315 0.20158113115489207 0.3428765841268543 0.4594163901864623 1.0513660847813586 1.905816813414181
10.436157734286091 0.2286816251134427 0.35044826854706423 0.4814425507741043 1.0509192625340806 1.9055563429947053
10.466822334058294 0.23232179263166897 0.3200812508525286 0.5214650706247803 1.050110228390896 1.875946846067793
10.497439676008653 0.2107507852073287 0.382311355186557 0.46523699895306797 1.0493159645920391 1.9174011162368338
10.528099675759456 0.2064169926061299 0.3471626374149581 0.47925669688649164 1.0536614849695969 1.8909608732818226
10.558767053704702 0.2143383370523433 0.3144508222333965 0.420237969015692 1.0541762520865996 1.875845835464533
10.589427778578049 0.20732253085851138 0.3076075933408301 0.45986507992482173 1.0230344539282399 1.9018899406994978
10.620074483598673 0.17348182537831103 0.3110816354776653 0.4100408668671607 1.033244965340495 1.8484145555436018
10.650676979820453 0.21575213045616382 0.300225815754837 0.4769546904989439 1.0537777822180092 1.9114256286469147
10.681322141189879 0.20732477507443225 0.3257793976670377 0.4758063815143514 1.036508630097153 1.8588367443239404
10.712006623309883 0.1750616662624116 0.2778973237056499 0.45200813272563645 0.9998565328758986 1.8865754595922306
10.742665058466203 0.18279339556237395 0.22078793754423456 0.4601655818501075 1.00589323601315 1.8904326510391778
10.773290033170625 0.19064810385830078 0.285479111174348 0.4497136606925012 1.030163132540427 1.878129604833751
10.803932593960203 0.18482756302687475 0.2658143399442621 0.48396734745906306 1.0306562982511291 1.8352954291056442
10.834606062333986 0.21370967074935354 0.26845700612531925 0.454943612986473 1.0207507314736706 1.8741683403252214
10.865239806263036 0.18625132105230535 0.28459966723437063 0.474351459045253 0.970753373672853 1.8774528905377146
10.895894049707096 0.19497175642455233 0.2973029805246345 0.48763359404460255 1.0136694602467442 1.8696604866808508
10.926555932350597 0.1845412302664695 0.2626954795847988 0.4243719606776881 0.9601439439423879 1.864092650343005
10.957193947232097 0.20287005839841665 0.2705086279011637 0.43828622894498653 1.0047260191924507 1.8519423613790305
10.987837177205574 0.18928371918785714 0.27817768389087766 0.407665396868648 1.0321876807991375 1.8822103717284544
11.018456360846143 0.17595633892403373 0.2510387993302951 0.47572459125503763 1.0183732147908924 1.8744990384077704
11.049118114411634 0.20633034321221877 0.2469531170210269 0.43684391377926424 0.984683622447764 1.833810238675293
11.079758662382279 0.17828927927626803 0.2631925940248516 0.3959409708094977 1.0260569114061193 1.8747037300574239
11.110416943673698 0.18467552814952493 0.25877452401961104 0.39251372782897576 1.0371359074526239 1.8391313155998137
11.141092401343688 0.16407927285561064 0.26632496245873855 0.40337590669714973 0.9723525301030076 1.8852625499755327
11.171727535668712 0.18325281730664944 0.24621332465440776 0.430219381262573 1.0440177388893168 1.8214867006796172
11.202400726230863 0.18915821221376583 0.2665975764410483 0.3812681044829004 0.997874486339396 1.8578196915170906
11.233041112853487 0.19481937623064716 0.27706727327874225 0.4328509996697769 1.0305268348378105 1.835909119364124
11.263672171754834 0.17289518125664705 0.2763637334647682 0.45531302050494815 0.968537694326207 1.8303002446599588
11.294338401772702 0.18529559034408338 0.25307163508288205 0.43658126995938995 1.0295970162843249 1.8718558172796946
11.325016789367098 0.19385500290211688 0.24452536616955756 0.4038902457108879 0.9584398165309329 1.8697532272982862
11.355675261856971 0.1727287187192328 0.25225197788036 0.42337413676984426 0.99544066174619 1.8367052840669569
11.386281388244596 0.15801015478782654 0.23076304862206332 0.4086011050699542 0.9687080653538019 1.825013109233134
11.416918477414974 0.17255785061179085 0.22899389193037772 0.42150956509305515 0.9552101690571269 1.8124291088814026
11.447597304181725 0.165744879351577 0.28767412018584665 0.3799189342516658 1.0157276853093613 1.8219770540392775
11.4782695536152 0.17176731740300988 0.24741212975225568 0.37101570941746903 0.994203181954631 1.8522514707765936
11.508917608185033 0.14728193716670668 0.24810642159013835 0.41103010034745735 0.9468683561377256 1.8229860478981732
11.539538037152424 0.16172556965170393 0.2159777381889433 0.39398215666120895 0.9649234270299573 1.818677423912384
11.570190878045493 0.14163354632817926 0.2237421564452629 0.3486071812556256 0.9700884763149895 1.8124448331566372
11.60085262695521 0.16390991957596523 0.22949500770211012 0.39043530407424804 0.9864940077066446 1.8163669845646109
11.631487775115614 0.15849844677482294 0.2399827801994081 0.4054776267645067 0.9696581587645844 1.814690403894258
11.662140921583635 0.13260876633986562 0.22182633074111457 0.40588083850367374 0.9754863065210926 1.7921169208618917
11.692763188018887 0.14634527321923163 0.21830550767118456 0.3814386765214649 1.0028423648747118 1.796320394824203
11.723399324826842 0.15967522057295125 0.24002789505329367 0.43703225343551666 0.9661445667146672 1.7926320107524452
11.754078166872217 0.17116943913716987 0.26962511108923143 0.3926708559221337 0.9684114804770226 1.7982518452875773
11.784743812200261 0.15381184540123716 0.23661049514757765 0.38166580739318 0.9866287336789272 1.7834377754238595
11.81542336209933 0.16404526849845724 0.27293597972681294 0.40616396674044675 0.9756634462287036 1.7984522261786082
11.846063160343872 0.13425573595799878 0.24689237338130815 0.3963849645969854 0.9682002812000104 1.7673027574367972
11.876682144139346 0.17559122727274112 0.24436250269269436 0.3808668492556325 0.9660400985538482 1.799513938898937
11.907330918676616 0.16998283714906637 0.22683478552104386 0.3847748757497581 0.9254057232144867 1.7382506320857083
11.938004514025534 0.16394655849108264 0.24942406564841801 0.388506703006006 0.9308097255767285 1.7365441079667838
11.968647225857698 0.1573429804460258 0.2677735126860897 0.3772125323091533 0.9608878315679192 1.781365347034563
11.999283959885368 0.15127002407396728 0.24752848696780744 0.3465408634544804 0.9536344000626653 1.758407041212296
12.02995795407622 0.15083699380536997 0.22886134552693604 0.37164604239881904 0.9214298736110503 1.790461658029769
12.060606720840807 0.16010964222534785 0.25123126068869006 0.38862101669560745 0.8971286117761115 1.7379573376014736
12.09121894434441 0.15707787299679143 0.26205455721594884 0.37161559480184314 0.9245477605679729 1.7889104318614142
12.121865539787697 0.17159319947100515 0.21039805938357387 0.36721619017695417 0.8984443438300375 1.8014508572462296
12.15253747859672 0.1383497686182411 0.21972304008338128 0.3246436835807143 0.9297029136524522 1.737661032792655
12.183165383436885 0.132052702915324 0.2231969553130311 0.4025879396778599 0.8837992087567045 1.7335603798775259
12.213823489648856 0.16087625247668935 0.24293910968805676 0.3842131520830453 0.9305011987461835 1.7596006827586321
12.244486759899559 0.15032555358256872 0.24623900403567855 0.39459189699335284 0.8898560225280128 1.7651879525241134
12.275133815445706 0.15691771610461425 0.1938975493501489 0.36050686804993853 0.8962303766357954 1.746173016156475
12.3058066882552 0.14888825506049863 0.22237752763989563 0.3794227659321585 0.8641086123119572 1.7675652915746727
12.336452918237004 0.14084178079233678 0.19795978029736427 0.3726206148133502 0.9176278521119687 1.7560149460391121
12.367086666912487 0.1359070243089855 0.1799245503454724 0.36299042297655615 0.9400541675426872 1.727490674007479
12.39774537973864 0.14350924481562166 0.2380550919149001 0.37780625443740434 0.9252802207433075 1.7627545327661078
12.428406316777606 0.1436724748617435 0.2219359081649338 0.39791869192105755 0.9302823914096358 1.7413902381734334
12.459029403758077 0.1366518304125608 0.19248502246809396 0.3384080023693311 0.9490101776372579 1.7562869898530353
12.489644862240223 0.15428300941143114 0.21656187160883913 0.3745964237118743 0.9442695327252627 1.7503875018423773
12.520336429971874 0.13506285429121245 0.222010255411355 0.3544178836691264 0.930378974742613 1.7571193373255878
12.551006853681342 0.12867485233734266 0.17418316086310162 0.375521406547241 0.9697447161657409 1.7353394714435997
12.581630015613523 0.13192650523203842 0.22155461785737007 0.34646622986613895 0.9230971748876261 1.7537141622934733
12.612296511719872 0.14301810881310217 0.2073295028663481 0.37176306219037003 0.899657185089376 1.7153061450553504
12.64295673089889 0.1504362949724769 0.2164729993449463 0.33638845383999305 0.9045885347998341 1.7247191512792042
12.673585185725573 0.15852898269653304 0.18623738966298997 0.3174585152383763 0.9040510041496721 1.7486137806771673
12.704199034753202 0.132447276736275 0.21660858359579988 0.34486948014826174 0.9093914047503512 1.7349124810941554
12.734866072921045 0.09957714371367166 0.22233512939200073 0.3762272740601652 0.9511245525311363 1.7259503209863425
12.765529157309363 0.12956867982040987 0.22767801939054655 0.3439536209393238 0.8971439564546815 1.7183328551845953
12.796139284214656 0.1343834497036911 0.2482066910796346 0.35686624862143845 0.8876376757967467 1.7025266872448677
12.826794803699128 0.09956944451325334 0.1882309272030996 0.326903463571878 0.915948593966621 1.7009766753787627
12.857458598648853 0.12064466571601762 0.20136960752148503 0.366505697703453 0.8914356981169471 1.7115417235940789
12.888105747328954 0.12617201252309806 0.2148009188136673 0.3617812559664162 0.9078616844560112 1.7213988374999987
12.918754413020975 0.12156098382104852 0.21470827124359732 0.3391602874653783 0.8971338914325249 1.7097893158187176
12.949426864167917 0.12080390765393023 0.19374751828686504 0.3750245911978884 0.9017228057975268 1.7153272222046734
12.980095416412693 0.1276230293490377 0.18327629477575558 0.3480123526311315 0.8830932717327128 1.7039980177482958
13.010730268098659 0.13348255792180908 0.21364117967533935 0.3063145192050424 0.9288109704878815 1.7103066450292406
13.041391875505509 0.10652264439472314 0.2205728541890736 0.3201834995024595 0.8672767567694737 1.6939877649770083
13.07206834970513 0.12696353257874105 0.233072775502339 0.3305452969129009 0.8787713089726465 1.7279886849324457
13.102725716615671 0.09482152044684278 0.19971211640742895 0.36030620255281903 0.8905935744179809 1.7060902845614305
13.133361865664758 0.10240202774158047 0.1844582415782518 0.32877475396696143 0.9046613030283299 1.6794000463493828
13.163992822255535 0.07975760382590735 0.16504434211030578 0.37534080382852253 0.8785103868410368 1.6886950897016075
13.194613275285493 0.07511869200577448 0.20074996978934673 0.3215606286545786 0.9183522910332901 1.658183050966379
13.22524855651252 0.09775150728825066 0.19848277623252414 0.318655466804368 0.920190616431758 1.695896441460984
13.255907449013321 0.09807493943301049 0.2228399079347973 0.3505989393101291 0.8904926224306886 1.6962432237242155
13.286570654890937 0.11631127478828107 0.20234287701639397 0.3091010914539305 0.8923292952299304 1.6843385718023494
13.317266726290832 0.11968424221823315 0.17940676894484778 0.3464500600882282 0.8791658011884728 1.6723069686781256
13.347898308043614 0.07048162173374894 0.2216081726877652 0.3303086515188589 0.8398534979104162 1.670549934268606
13.378497701290287 0.08577353915409702 0.20215998684403685 0.32985642233755413 0.8663322801446167 1.695334443452471
13.409173845651663 0.11486187260428604 0.22147495010162993 0.3467309335695164 0.896066958369078 1.6679354299917124
13.439832050938664 0.10276896191999452 0.20227302993982277 0.3676019803492424 0.8729026606122718 1.6975504884738857
13.470479996218803 0.10918079217876908 0.22384741660658952 0.3281886914661035 0.8593821688786694 1.6630035704968145
13.501145833802175 0.14981470123852758 0.1921812190834508 0.35222772311892087 0.8408205232830342 1.6406504255790026
13.531797044769972 0.11795527447249432 0.1789047927580671 0.33819194108518214 0.8704471523888374 1.6633728806743115
13.56243433346455 0.12054183840001786 0.18386774685657672 0.31627808643836797 0.8827210032756384 1.6590520630747725
13.59306270393267 0.10918643631335878 0.1849583087257325 0.34182828378401886 0.8964504830627197 1.6727166706429293
13.623700676407005 0.10929214997733028 0.19206357715601458 0.30541258046341047 0.9259124655268659 1.6424667099411605
13.65436233683866 0.10952671617548426 0.17883492926301725 0.31857386958330514 0.8808778897520504 1.6688488960923724
13.685033219533684 0.10983965972399257 0.20927265090243136 0.29614090784576197 0.8610823962396911 1.6116667218013472
13.715691548619048 0.09365189536440055 0.17813337189486522 0.3194520949635096 0.881657634842234 1.647759394788502
13.746291379216064 0.11440894300266402 0.1936809218077227 0.3584873379604823 0.8729509875280934 1.6302311582836646
13.77692775673677 0.09926809386424984 0.1648945104228721 0.3094178030894497 0.8659483406753865 1.65956635500875
13.807631478241191 0.11122309078565484 0.1676983592941585 0.2836937482196916 0.8867335500467382 1.6600329050574865
13.838290864700976 0.11785442587320505 0.15454089303960244 0.3010286808989852 0.8495872756396239 1.7030786941891374
13.868934506991218 0.11372002181986196 0.18436745851043684 0.30563195441588054 0.8881873174286217 1.6437628641053093
13.89959038931873 0.1195680977030733 0.1946779841478583 0.2806768034680898 0.8614609998443234 1.6259394930744486
13.930236106930245 0.11386828786319803 0.17433035037741973 0.30747845869762563 0.8896401511981762 1.6321828141493229
13.960873886866802 0.1255325826343867 0.16583889894475207 0.3071761203727704 0.8498729747506101 1.6652268276731144
13.991530304990333 0.13671908616288975 0.1940638122947365 0.30584717710535214 0.8772919093316638 1.620398266600874
14.022188053362962 0.12211102224262471 0.1695214329965196 0.3074182123710759 0.9033795732134864 1.6102007341340188
14.052835678845334 0.1076242429941654 0.16597950736853284 0.31759553840702787 0.8716398622705769 1.6280371151117976
14.083481251218743 0.10923009801916406 0.1780552106887339 0.3204755719945168 0.8913712185924583 1.6408611877305228
14.114121162297433 0.09218541513469569 0.1878926909421868 0.291494962549376 0.8729681567810849 1.6122566488754535
14.144753109086912 0.11262798210712521 0.1730782291525219 0.28238490502436875 0.8624444298516739 1.5987133623588048
14.17538857094332 0.10825160433274084 0.16841071529619253 0.295630023623712 0.8941914768798751 1.643808233908758
14.206054823973743 0.10888720024018861 0.1564873468928247 0.2805365620156131 0.8355835341921349 1.641816036159656
14.236714096613916 0.13245458580633862 0.16576477722831645 0.30327160057320096 0.8745244590049014 1.6155165326597856
14.267364316920876 0.0855227889857535 0.15406470593068552 0.32126585864475343 0.8912784686883694 1.5906722954674537
14.298031486755827 0.09836055361865825 0.19065049475218876 0.28927661407257765 0.8683578390103572 1.6024494876888102
14.328675222936372 0.09636259730623986 0.18901449940054124 0.32607078216839536 0.868194994600052 1.5904673137544565
14.359323943996921 0.10591214450606179 0.16428188999952154 0.3202189527739868 0.8533174639833552 1.61756371858953
14.389991291721671 0.09872620568997403 0.18001764029507508 0.30164789429408145 0.8650090108210657 1.5951387683798113
14.42062640644412 0.09719765270684522 0.18272740709255236 0.28762691123352857 0.8770151241043617 1.5737287479244806
14.45127289245055 0.10849337623023425 0.175042106526571 0.32469248328107986 0.8716295267318146 1.635821945064155
14.48193590754191 0.09599847539482065 0.1919063163953602 0.30937364920761834 0.837271490279071 1.604655926389833
14.51257561476934 0.10397469754361843 0.1769942234019325 0.30094637617771064 0.8530012420748797 1.621299838441661
14.543219611551402 0.08743808849243861 0.16414301143820723 0.31678197645852346 0.8746375220103124 1.5796783233029452
14.573887021763287 0.07231568932021037 0.1781235008887294 0.27149446815928 0.8736854903622344 1.617717971208485
14.60453281306091 0.07237620903407072 0.19009586893391806 0.291527272370083 0.8506724965254195 1.585386942403121
14.635153335514648 0.07836489705091876 0.17655854832718787 0.2956396213698401 0.8393606960392495 1.6147739506716359
14.665787611702168 0.0931732250696038 0.16143381506514304 0.2925820996820557 0.8034446572315912 1.5797967315701
14.696439356986017 0.1040491168544011 0.17140198911944982 0.25352157595793073 0.8586991580559579 1.5760731616754362
14.727095040334133 0.09197396883189102 0.1722212417235499 0.27626259793768215 0.8720915551620695 1.5780675626404284
14.75775024531295 0.059571682166424944 0.1570617039564344 0.2619117134094377 0.8474306535665082 1.5574358548991967
14.788413814909227 0.06256554068141962 0.16583196361614128 0.29055254379360884 0.8463255139275248 1.5667490417829
14.819075030279361 0.08243883852551925 0.14426216492782662 0.28426573696611246 0.818744304237912 1.5800411608337661
14.84973519132059 0.06551662949162429 0.1732064989364765 0.26605828704323164 0.8208703947944668 1.596525836028552
14.88037459435344 0.08566872204784026 0.1429817379433412 0.28719397813869785 0.8505261162625843 1.5916960966824836
14.911005251431586 0.07160103146540475 0.15995429968885458 0.30075455816829366 0.8389318241221912 1.5837361744852296
14.94166265515927 0.06937664283884426 0.1647071004006351 0.2681862309765778 0.8477222129969249 1.6206895658255727
14.972316554693496 0.06644745171404565 0.15225701250134893 0.3104470939730507 0.8761461757712544 1.5906612774703386
15.002990570844565 0.09898098162651192 0.1411134550612952 0.3047677027203405 0.8439667883650921 1.5620033442863375
15.033639724256943 0.0841151460058176 0.13846863059856054 0.27662289427249553 0.8131290546290086 1.564807630254585
15.064271103167526 0.07326036835915595 0.14098336543288847 0.2670637270039463 0.8742084232309965 1.5743860748096434
15.094920907630268 0.07437549355545192 0.15849133309337335 0.2840749726066867 0.857886641278951 1.567128022855
15.125582604527825 0.09029374087984765 0.1457714491588373 0.27956295167058237 0.8555563304240166 1.566924419331202
15.156241827614803 0.06483973482169114 0.12930830958435738 0.2894012684746193 0.8115716429484772 1.5872590469557055
15.18688016927333 0.05004587039328934 0.14073382297518977 0.3000309646721787 0.8022511226114263 1.5602272831587007
15.217521243951422 0.07589911101635982 0.13877964980595345 0.28242197522395357 0.8388702600802527 1.5423375697980903
15.248173994179709 0.06969792436617994 0.1615463282986813 0.272181144150669 0.8130262745903682 1.5351926811896528
15.278830404389392 0.048403377901425904 0.14164334362276162 0.270963685118038 0.7855440227100099 1.5343562592094084
15.30946284300203 0.049192175405127214 0.17184507655842202 0.28592180277528567 0.8186661628232845 1.5481522238567043
15.340125535262404 0.0535070572202323 0.1471292624732122 0.2667524628121053 0.7960758135527493 1.5465673742062633
15.370761202540487 0.037948172881782094 0.1448882472960126 0.3099032565228829 0.8501508216667385 1.5806552966285796
15.40138663340956 0.03906163314605138 0.1742123041506941 0.2824067787885267 0.8194609359511422 1.5540447178562316
15.432046326909846 0.0491067204634299 0.14686487776313703 0.266446006364109 0.86246259901267 1.5418507382024225
15.46269409307066 0.042396786856044866 0.13582393558290887 0.2380492598972589 0.7830462733622932 1.5396879116708089
15.493362555864564 0.04796938428704878 0.16549957045239702 0.26105143718401613 0.8357162740133524 1.5559474254612096
15.5240104677437 0.03319521017045468 0.17490291786283862 0.27628255991556844 0.866943444709124 1.5654875842487925
15.554649070112902 0.05394802836870771 0.11945745836546776 0.26664950884955585 0.8139240248804929 1.5567591155774754
15.585320568315947 0.05261289797399926 0.14231151571769735 0.2719335308965224 0.7991938083713881 1.5704278532554459
15.6159804785256 0.043004797719636834 0.15020435363791132 0.26932409948149116 0.8388154800989559 1.5326791365295573
15.646595372894922 0.05122377181803084 0.14777817983360708 0.2755429944406164 0.8437107774928584 1.5461453466324095
15.677245578138857 0.06633351246836061 0.15639478925993422 0.30991266494686537 0.8213256265099396 1.5114622167958123
