k[h/Mpc] G1(z=0.00) G1(z=0.50) G1(z=1.0) G1(z=2.0) G1(z=3.0)
0.04341288471758701 1.2107267978570802 1.2192259754271937 1.2243762203514246 1.2275807184845673 1.2272113267637306
0.0750893922356086 1.2170496201204195 1.2286211074389453 1.2349138098112031 1.2368331301926658 1.2351472653545614
0.10512423484714102 1.21292458145277 1.193166105294416 1.1925015953277402 1.2005856621171132 1.2061625365852087
0.13578833181807864 1.286117765524355 1.273721774808999 1.2658964219981033 1.2532860095962737 1.2451660368203694
0.1678014078015011 1.1999246301277555 1.1785667479176893 1.1856662146231964 1.2012783359326122 1.2089106117721602
0.19819705373872587 1.2250480792881713 1.2302902457185452 1.2462571268832643 1.2573317909826067 1.2566945337607867
0.22843357424068816 1.4350218322916541 1.3831934599401738 1.3497307217402332 1.2971634845860447 1.2692180835676825
0.2590925949189508 1.4659519398087983 1.4051065803169602 1.3829281303429746 1.3422399868341426 1.311995471602173
0.2901152471657099 1.4635377989686638 1.3788975595834516 1.3511182116167042 1.3182685282155409 1.2969890462979676
0.32079146357205085 1.4767322213031975 1.375273248932741 1.3768121882543194 1.3585800178927325 1.3306801600487486
0.35111682765054 1.5329466327017571 1.4589806890842596 1.4630682511367994 1.3985697825787928 1.347040704956363
0.3824752932647276 1.4831622144848533 1.5094576546186798 1.5436719647640187 1.4708807388499345 1.3973701327050851
0.41375993633783803 1.685886097616176 1.591704110651492 1.5529517821685448 1.4311326566529459 1.366166360829523
0.44387973235985057 1.7863319661044652 1.6188771799954549 1.57728339987092 1.4435764617864097 1.3677564322682159
0.4742131209833677 1.7898959318556584 1.5738243059309118 1.5533469210043902 1.4378927009883904 1.377916546281348
0.5047624725435907 1.8379395450735048 1.5949151071980519 1.5844944431544663 1.5141612691438957 1.4442804311331758
0.5354362906786712 1.8568294198878155 1.6340288939860617 1.6727902927001583 1.5146581484027728 1.427994130899691
0.5662673541039991 1.8424749612528635 1.6170153721444818 1.6320761480775772 1.5291222019325013 1.447083061247922
0.5970092886779543 1.8468718086979308 1.603866145289858 1.6813759628947573 1.551847387005957 1.4614055012706118
0.6277157545458268 1.9037260035801484 1.654152478310492 1.7505680555678833 1.5462550857580435 1.46068906299542
0.6582930989347382 1.908618592357122 1.6641877291702423 1.7578118253767063 1.5925559173165387 1.5068346315067038
0.6887712189481929 1.8829619526982144 1.698179219792837 1.8178282453555021 1.6059191689161263 1.541902212064215
0.7196035982260218 1.8069251127631858 1.688295367476512 1.7582163292819244 1.6754901347960551 1.58437737853542
0.7501899933016178 1.7891757569388145 1.7622356244094188 1.7936965523548971 1.678282761320776 1.5573959202723435
0.7809464037564745 1.7272236855001266 1.7556586949270427 1.8353038957630237 1.6812302850196215 1.5646288368925605
0.8119265809271117 1.8133668655883362 1.7459978632460136 1.7992087798599847 1.693033080035657 1.602329993933822
0.842647219977409 1.8490671826797656 1.750005444612103 1.8092998518698227 1.724501500201022 1.6162426834753134
0.8731410121004262 1.9350025015787797 1.7254709292435781 1.897539913007785 1.7540414742316441 1.642640581326035
0.9036461088228066 1.9790741947338697 1.7365725829306526 1.8687212092725698 1.7632322829231213 1.6354534693871066
0.9341275122874713 1.802872711521426 1.854884682777036 1.9458678454287224 1.7809164256182997 1.6508150737017542
0.9648797485983911 1.7206732695491023 1.9218160869252312 1.817272204958595 1.7908369002839437 1.7062230381177503
0.9956564801447121 1.7002728065764239 1.9043311442832773 1.889274153304061 1.7849907464964239 1.6813030893940741
1.0263789758672643 1.8149414472958791 1.8431641422836926 1.9046961516412646 1.804329116269495 1.697148003657226
1.0570963702396021 1.676862903484142 1.8887789553737493 1.9455894498922686 1.8650066452689416 1.7189521823502596
1.08772709373597 1.6638852320652264 1.9455054384002222 1.8883186835382784 1.8771592594611821 1.7548821403853148
1.1184033762889067 1.6894061342367706 1.8561409187604538 1.8877059760804085 1.8956368375062103 1.7765563362616006
1.1489189970368519 1.746601544367743 1.8936258033125886 1.9456941856529115 1.849587436330447 1.8007689888643554
1.179575424721023 1.6334037846242566 1.779880222998572 1.965614400915955 1.925903694247709 1.7877930455088142
1.2102466689689488 1.5782947264656944 1.8196133245415609 1.9703560700399798 1.9439267513615128 1.8182963691064282
1.240838034762679 1.6786294840337812 1.8334321060622132 2.0395727185266765 1.9395716625442059 1.7891593542897353
1.2714792993571857 1.49980233840871 1.9318510519024585 2.0007524794929767 1.941360257114484 1.833573735147938
1.3021868989754697 1.503955627766278 1.751286327302727 2.008071491861197 2.000574700082325 1.835000366816232
1.3329883524705177 1.4196793320879675 1.919973982723413 1.9763332991046239 1.967559343691669 1.8421424519854819
1.3636780656048282 1.5228617349321938 1.875278301235097 2.019975173059401 1.95885899372472 1.8539370121770749
1.394333280992331 1.4500089971445962 1.84414502807878 2.0341811675584407 2.020500100091252 1.8905428798533923
1.424821071494309 1.3716198109495537 1.8543982984566818 1.9763420402628735 2.0231133781920567 1.910743948282104
1.4553447636171342 1.3292674439675756 1.8647447090925366 2.00669763305814 2.0034837776107253 1.902717077381131
1.486120296396585 1.190805862770783 1.869719619307977 1.9740939843434202 2.041889644753124 1.9095968977132771
1.5167910912228217 1.2593683126880406 1.8252956690729185 1.98958752164961 2.0746559618502918 1.9189106444518138
1.5474307304263113 1.22266318820474 1.8552829725928137 1.9932893984141113 2.0287552532167954 1.961381808384976
1.5782021273026037 1.2378689088048989 1.9645581862099895 1.9470441654981814 2.0430161938457267 1.9541898796559045
1.6089618646750554 1.1570449625491264 1.873394483573482 2.0102914751143572 2.0343638179247976 2.0055687272479084
1.6396850514586925 1.2216355658611189 1.9075866855396546 2.0325490825966686 2.0785866666387207 1.976940848386423
1.6701411943258633 1.0220610960724563 1.8603546915383347 1.9919938957525152 2.087557331080621 1.9557542532334418
1.700745924180268 1.0978865185389752 1.8563469641141315 1.9461152108482962 2.093350078203745 1.9698885505094932
1.7314389100653933 1.1362281641427363 1.8375896651973544 1.907063741873217 2.070043205036718 2.0024558834732975
1.761936815822272 1.0773688846271667 1.8318264209993593 1.9939383940652826 2.0902111330898485 2.0341508050943125
1.7925998832778753 1.238621490677686 1.7428178675396464 1.969172359888482 2.1281017204334476 2.054718997182563
1.8232612133958979 1.2070467101089222 1.7415920794741138 1.9650300612762772 2.121125091109742 2.062954522854854
1.8540414287667313 1.1381373464731004 1.7159853201017943 2.0049345599487407 2.0914953829423215 2.0373175974123114
1.8847280983890078 1.1240670627013616 1.7547437323644384 1.8699498760554962 2.095119460368579 2.0821833405481205
1.915230839193568 1.0210245333365076 1.7040824872743805 1.8709945458523114 2.1127468315284865 2.0614573367643976
1.946006155147987 1.1463870768466666 1.7022908711011886 1.9545097455131106 2.1290564627809765 2.0863999378506692
1.976693155676542 1.0301709316888252 1.6997480645183105 1.851723850623383 2.1310704974099695 2.092162073289945
2.007360188552611 1.0350809101269876 1.7665441594682594 1.8354198506891102 2.1468088807306622 2.125581435398121
2.038003088676487 1.0121388922649266 1.6534982867866952 1.8518345216371328 2.142717728384951 2.0923180300133826
2.0685132193509324 1.1501703822233578 1.625282126861094 1.8120372669593379 2.200944954635085 2.116729050434271
2.0992384153417376 1.0529825490276479 1.5762743683784755 1.798363662944435 2.200422086522828 2.1276423870977266
2.1299534404724976 1.0822102167426373 1.5444314444816685 1.821752474970288 2.1453124595996975 2.16786153772266
2.1605175346191645 1.0626537723489349 1.5528534738850222 1.7791991972655798 2.169344921385004 2.148051325013332
2.191058119444821 1.053787689085065 1.4818241685534979 1.7752226998458074 2.205744447267394 2.1442544480658103
2.2216711258296016 1.003386800010042 1.4909527082131704 1.7955593784002384 2.169501876193192 2.1884234546803323
2.2525190216018127 1.1145997525440077 1.449966089715683 1.765164696429184 2.23032770091012 2.1748090448888746
2.2832892553799526 0.930362394475438 1.3987488702514308 1.708903136685356 2.219010598218474 2.1979214280015347
2.3139375263725728 1.0710219234908225 1.3938590624080103 1.7243702403272034 2.1917868816815202 2.1912890991403686
2.344605724868078 1.0909156711172996 1.3667073452102314 1.7487068315583147 2.1843592577116673 2.204542919577781
2.375184477138245 1.0374961672595917 1.3246983893501811 1.6730116231536236 2.148749573289445 2.237174874637507
2.4057246673293573 0.9924083551638985 1.3489910861226218 1.7389557715877193 2.2008860399701695 2.2068126164515682
2.4363448113806334 1.1085986294253847 1.4237120541476729 1.6344326134393776 2.1974926047348466 2.2190792224239377
2.466913116374169 1.1160627896613684 1.3532924485403968 1.635705365017937 2.2085984570409565 2.2430146471215093
2.4975563657518705 1.0654382075417224 1.3410073358047685 1.5733040573950938 2.187104432919429 2.2296245375611434
2.5284007482199686 0.992711418653448 1.3430847604931837 1.5626013864321138 2.224115689722314 2.2462036368188025
2.5590890072444137 1.0892897347304753 1.2940365904435356 1.5708529157981537 2.1882363367489432 2.258981754740057
2.5896806116806927 1.0248929509624605 1.3493472120860481 1.6390837736820398 2.1497837431354547 2.245026567013315
2.6203466014530283 0.9086516757558161 1.3544235883158633 1.5235805017176325 2.147252240109159 2.2616137241860748
2.651080912702199 0.9638037614213313 1.3194526097917032 1.5527091716134547 2.1989320080702375 2.261194608777312
2.6817126062011036 0.9303307283499063 1.2533976912668168 1.5693151158210719 2.2265024431269187 2.2713389539288826
2.712165630681784 0.816907082644277 1.2752428187038762 1.592993064087775 2.2496379967005176 2.2571010336615407
2.742858123723105 0.9315680275927407 1.202699838286148 1.5116260031601079 2.2245964184512834 2.2634665106981497
2.7736726388980055 0.8959513453617607 1.2429643716817256 1.471279705896075 2.1676937283277353 2.3047960972932415
2.804302820655223 0.8881203672581439 1.178549455993597 1.4501235621748625 2.17955422385222 2.2957378554609544
2.834917291331422 0.9074299569783717 1.2797207598255953 1.4515378936615901 2.2311611942915848 2.2699475074893547
2.8655716015120105 0.9026638330569026 1.1851662283919993 1.5027024699536415 2.2143867402538397 2.3078750817236298
2.8962234584307502 0.8895059870354283 1.1077233644629971 1.433171046374892 2.2152912609056705 2.305237736927667
2.926854426156121 0.8438390612470514 1.0795432705888084 1.382890528637752 2.220047702085963 2.337614893905007
2.9574052944139524 0.8480980329679444 1.166788878612147 1.4154882657214047 2.16704228163415 2.3234324857742097
2.988052750977282 0.815846114314629 1.057390029207809 1.3940360309399868 2.1481499941917557 2.3677861657672308
3.0188472943690257 0.8369694894507285 0.9950005305719927 1.3724819482654294 2.1514814226001464 2.324971882398957
3.0494771089447283 0.9469319741430338 1.0180864289595624 1.3683102067299697 2.2078791953843515 2.335893321500656
3.080017421889951 0.9138077317600335 1.01566117343459 1.3363489368079544 2.189573346361109 2.3445181072712247
3.110744872777335 0.8293726725337025 0.9965451059952459 1.3823764779638195 2.180692451932951 2.3034564262401447
3.141421084586624 0.8211213551311203 0.9868976414221248 1.3492681827053379 2.153064786073947 2.3355381407152804
3.172068628248138 0.8214250760842268 0.9612971442657084 1.307214425553582 2.163639684950663 2.3252377417209216
3.202743839361474 0.7122626292944212 1.0115688966716805 1.3165787499986203 2.190573265959099 2.3681614262431276
3.233377970173499 0.7646346257335712 0.9899322493317688 1.3528398544624358 2.165845523612057 2.3411470489297574
3.2640089695448355 0.8707495886479455 0.9106029198059173 1.3201793567593278 2.1621284866119983 2.3550716421372946
3.2946744222688937 0.7326913065200236 0.8900465703023697 1.3287874021478148 2.149522205959316 2.3552092224742847
3.3252955177725587 0.7650606430517737 0.949050831739731 1.301831136098254 2.170476376441221 2.314148403731812
3.355907602459837 0.7088697851732384 0.8865894751056346 1.2792271071651233 2.1793262704724397 2.3939841352621705
3.3865306737253174 0.7393928812498107 0.8840939422478542 1.2988806641102064 2.1281937158637643 2.364968852146525
3.4171757149314272 0.7309736467704031 0.9516063685810583 1.2756482788971337 2.1914702685114626 2.3619814402221486
3.4478696153780355 0.7747713591356686 0.9470853919688769 1.2991401450040163 2.112588681690634 2.4002263712309624
3.4785510687562136 0.7222979487239023 0.8804377046005316 1.2292802384489 2.1564233875705217 2.3711672031372
3.50925022131958 0.7038837191403513 0.9522044537551153 1.2532002516053695 2.1391288096661443 2.3804610355598896
3.539940653302945 0.6926209907653791 0.9626996255623738 1.2390443220342582 2.1523269613862936 2.3934995372557983
3.57056576574176 0.7705093185874567 0.9007095843679596 1.2640755653314428 2.129226053423996 2.385761440069343
3.6012277617330914 0.7420365385405936 0.8469102773475344 1.2329899239793134 2.1584196367525914 2.4313603335947
3.631841236564645 0.7110055067233878 0.7803174259019121 1.2440371252685831 2.1316879399253272 2.3973244702184924
3.6623767603668616 0.7398218498087727 0.7793512249813483 1.2064461782788087 2.156897567634539 2.43451398996328
3.693086807517381 0.5673416445390844 0.8543925161709554 1.1299897848142617 2.19142674586375 2.3977168584676765
3.723774872404399 0.682132379323136 0.7633184692473186 1.1883525813340183 2.1721580493476695 2.409016512856243
3.7543930029262973 0.7045814023577712 0.7585675424236146 1.151345966877412 2.1633432940465536 2.399625734240094
3.785080283446499 0.7074612666428826 0.7472857718209932 1.2296978282360282 2.1700539755885386 2.4071339831811747
3.815795082008872 0.7678058574540669 0.8253882674671373 1.1660000597817382 2.2180154478537104 2.4265365641132384
3.846521658105156 0.7168906459809532 0.729029347256377 1.1992068455078646 2.162183984477646 2.4066143463697345
3.8770368670411477 0.7082500823001703 0.7553156879509944 1.095178235187274 2.184695109550994 2.4053802197012217
3.9075642122753926 0.6812605319439435 0.7313535397005047 1.1398194488760804 2.129195406503092 2.4421962026546433
3.938236696424191 0.7535860702045438 0.7526649035444943 1.199507031807035 2.180648937187013 2.404826113064072
3.968919737390054 0.739622765764486 0.8331685235466388 1.092556790656312 2.143938654426236 2.42517292623681
3.9996037917254976 0.7575968963967106 0.7231116199605523 1.1240207302514285 2.174987935115861 2.375749719524388
4.030225463674877 0.6863657812608503 0.7534856288256654 1.1161085483581137 2.182063229625897 2.4046469124822236
4.060932122422872 0.7319741304466221 0.7358296325338352 1.1749669473353723 2.112187004672921 2.4476111728082786
4.091696298535188 0.7237504117362248 0.7359721872475089 1.1292167470042953 2.0918040057612863 2.42968965522903
4.1222925895454985 0.724762890753694 0.721565814090694 1.0513285819640692 2.0607120891093675 2.4228891452021157
4.152845119446953 0.6600875243371895 0.7449568258862065 1.0184062536522673 2.0779057375982575 2.388864596800614
4.183517789314664 0.7424417246541026 0.7500323714084887 1.0174242684574022 2.018447477907193 2.4489868875574725
4.214182675026638 0.7632147490693131 0.7850423820070396 1.0642062014690787 2.0431485675965715 2.471500896440221
4.244817944262285 0.6920177294780783 0.7631693163570361 1.0135756808972716 2.048622190756338 2.399636318618891
4.275455262273149 0.6568216330868903 0.6981002005883445 1.08546884146319 2.053704600435461 2.4363457241285187
4.306112416596697 0.6613713240671704 0.7140532964124751 1.0243508154048067 2.005201152433745 2.4326421634343065
4.3367604416834045 0.6634551451431181 0.6994214023681302 0.9336646496577897 2.033775109817287 2.439632884547447
4.367364028326304 0.7466389715243837 0.7231102707243264 0.9896145452881534 2.0334969194103465 2.4366364096006716
4.398030026612897 0.6834212228211611 0.6958183061873287 0.9641302814972141 1.995476101938503 2.4222091950874485
4.428705446734398 0.6516266099589474 0.6957408198026651 1.0315231118295123 2.0164616030387026 2.4017084623545886
4.4593938479568624 0.615174850245811 0.7391765580864763 1.0101942452320127 2.069406300870498 2.4264459221570878
4.490116209994855 0.6324503162697659 0.6600751254006221 0.9710926879020287 2.037873981493674 2.4562604048538477
4.520752345336199 0.6456557301632282 0.5988314074707022 0.8926090571303306 2.0074312275886204 2.44250179748962
4.551386650149141 0.6359370600093517 0.6422862656598036 0.9771045187837228 1.9611957835221139 2.4421792055867764
4.582096221751243 0.6733274136029399 0.6080158931161586 0.9603026908809296 2.0130374564248488 2.432454602623009
4.612688534653388 0.5845118836534857 0.6471078433705759 0.9961974477704185 1.968186749882515 2.4489284942088796
4.643259024743279 0.595393526776471 0.6860832369744363 0.9619946817183371 1.9573751039610991 2.468975387110088
4.673868740762218 0.6099761481421784 0.6382059045560402 0.9687947251733346 1.9809311674241714 2.3970466597928497
4.70457668398403 0.6040364503136164 0.6367822641626486 0.9960152107292791 1.9422570577766247 2.4556293194868037
4.735304013001362 0.6370768704714602 0.6465609055218428 0.9341509665422004 1.9743243373238266 2.4349205313764655
4.765898071021644 0.5582131769934495 0.6063633285958044 0.9688279528486692 1.9908692565480655 2.449945488543779
4.796520194766579 0.5824157069099145 0.6404188001666847 0.9784494842870716 1.9163748229245197 2.4588510572054227
4.82712281462574 0.6465365910855769 0.5584223276396008 0.8750522252898842 1.8887528710434154 2.4650217250353323
4.8578107243305215 0.5781336092796985 0.6068519150537304 0.9386140499685227 1.8862991571962089 2.4125373894853137
4.888495688830856 0.5927081768461406 0.6153092380257833 0.960743314830881 1.8990493056327704 2.448230179458991
4.919067623785439 0.578311626544481 0.6483496298629601 0.9526690246688709 1.8961347760985507 2.4501354915295
4.949747873972601 0.5903951598471524 0.6704183779307334 0.9268446475437944 1.871758926277836 2.3981972618535057
4.980457078890422 0.5531371514181915 0.5988926829552275 0.9717231929729031 1.8486796264528498 2.4534873776334534
5.011103157947713 0.579142531160175 0.618691004985761 0.9534339977452486 1.89127818277177 2.4520868979196706
5.041765813466237 0.5620368651370466 0.6144192763143661 0.9248821870707267 1.877453705482481 2.4436417247820943
5.072439675138551 0.5493331906023602 0.6288226907391872 0.8617410807787851 1.869630339141776 2.4495185569553515
5.10306379883577 0.5275988724021241 0.6445048194199646 0.8522167998551142 1.847011375616718 2.4405809503802685
5.133675448953464 0.6155720667386255 0.6976072157761484 0.9179112766116495 1.8748204211375485 2.435206234786516
5.164297654560415 0.5786523336212246 0.6373680993827617 0.780936109033538 1.8348412267906014 2.436118401437909
5.19495995277881 0.6283477454911934 0.6512776229924231 0.8225805586596011 1.8010861356192454 2.4353161427987304
5.22568083554217 0.5469039817234345 0.6712401940207069 0.8991642332201759 1.8218451856382405 2.439617897131394
5.256346091287109 0.5761680860138552 0.5863600774726301 0.8875372748792552 1.8379686936769284 2.431425857332823
5.286966824751803 0.5353042370117211 0.6642140065214444 0.8746923462262017 1.8457814802973647 2.427042955761586
5.317620034281391 0.6078736488184167 0.6506360871173644 0.8092931550432028 1.839738386541644 2.4170624247185213
5.3482709499150785 0.6061138916167685 0.611986940918533 0.8648190624579208 1.8218130755504007 2.4345694559466744
5.378950748103062 0.6071687597403341 0.6142153669282118 0.858207996733231 1.8213889708046564 2.4101746558137105
5.409578746694606 0.5238739383184188 0.6333417034535131 0.828301989196674 1.8518376380194437 2.405999736971456
5.440127100599964 0.5782602090927647 0.5458957767615343 0.8495355789128406 1.8196036598942795 2.4452381296424877
5.470744925834705 0.5072746870149425 0.6332245271024262 0.8426644228986002 1.827836970676387 2.4178731638025397
5.501430022650824 0.5879124162306892 0.5527012035334304 0.8760632195517513 1.8241756401276648 2.4093179903869437
5.53214520476844 0.5426489654683764 0.5554222835119816 0.7908044936201059 1.7930711292431116 2.4224504741637265
5.5627539926006015 0.5702972429146214 0.630154539599147 0.8477597940026906 1.786569003813267 2.410050879912374
5.593367868870718 0.5716991768722346 0.5828867048463648 0.8636393880166149 1.822684110315894 2.4265688536400223
5.624113690065494 0.5726742731142442 0.6457662789671987 0.8388806204656302 1.8361779871162365 2.393983128945238
5.654780721103304 0.5787404577043775 0.5629926280632098 0.8484778077425155 1.7889997674069655 2.400358361663965
5.685417009954575 0.5347561634219877 0.558348777239487 0.8250218474717821 1.8149322807939479 2.4022188535260565
5.716074347190569 0.5714386929513027 0.5620218063099444 0.8078598577824398 1.7722405197045665 2.379345921419017
5.746774998068498 0.5936889624044228 0.631530410348923 0.8136737629513086 1.746069833590007 2.4008740378174247
5.777423306038586 0.5942278413619095 0.6433980651524811 0.8110264654381558 1.7711738367737226 2.4108157957853384
5.808003208626504 0.5448434353138532 0.5997354754699831 0.8100246627930834 1.7563931163968385 2.407594825415
5.838613762004135 0.5573404955097039 0.6357834849139525 0.829132607636148 1.759624074992717 2.411176430018019
5.8692838727201355 0.6084304639809324 0.6867577320498558 0.7971355759458583 1.7531127629402616 2.3940808039648607
5.899943649772824 0.5441451795507712 0.588779227056148 0.8337525761141178 1.7460410629197687 2.354493674482002
5.9305629811599205 0.5482222945394988 0.6175537468796154 0.8414651758915397 1.7259107417496051 2.395986655273002
5.961229675060951 0.5588210309528185 0.6097155675991421 0.7881734943309355 1.7248202727723867 2.3724947062710235
5.991921092405892 0.5055421795516135 0.6437751013307884 0.765056655696845 1.7198834679438328 2.3767349747336644
6.022614760998701 0.5796762044727521 0.6243270588615946 0.8260222898851114 1.7613340626100138 2.3850037364663637
6.053206737367959 0.5377055581659262 0.5857286031450124 0.7595775987590729 1.7498402579942363 2.369015015350625
6.083799738495641 0.49849304475587775 0.6332016183354238 0.7334043260654144 1.6982758375473164 2.3712441212307986
6.114471164792227 0.5185689525073578 0.6224061149119022 0.7575535966450719 1.6566038579307862 2.349751127280213
6.145131186055991 0.5322869263278784 0.6936252653527253 0.7448193077044107 1.6387460412757546 2.359879839448003
6.1757767202043965 0.5204690551486857 0.5990707139513438 0.7454965763497501 1.682798255942238 2.3542420739507897
6.206423000303268 0.51453954131369 0.6128092862028385 0.7045047747722314 1.6880654685806273 2.352101741954265
6.237096434864668 0.49478491090431564 0.5682074175596719 0.7351017496085075 1.674676825514589 2.366172519169293
6.267741492842417 0.4737523478697836 0.5702564573734634 0.7594383450090705 1.640863718425391 2.3650934155572036
6.298421654117954 0.5184356889277453 0.6158266628722588 0.6994925411722497 1.671984827874873 2.3040704111939165
6.32910878797443 0.5027880279706776 0.5994081421060828 0.7094101373206749 1.5918837021098806 2.352156780025166
6.359721158315376 0.5174806465284765 0.5728469777783196 0.7768337218570049 1.6568777469562286 2.3577583225456884
6.3903493888744025 0.5319778080483184 0.5654887078501845 0.7075276513002486 1.583231616076675 2.3687748683900756
6.4210038235958296 0.4891575118692959 0.5991267035476533 0.6709673721146198 1.672666876861738 2.3110476970203315
6.4516517563277205 0.5179880543148696 0.598387134046215 0.7064440281081137 1.6532584655378741 2.341783600568152
6.482281078581036 0.47637881240555124 0.6122692610462649 0.6895465053845433 1.6271666387741202 2.336512431659872
6.512906985866306 0.47082766302581236 0.5424330684931363 0.662380363951314 1.645234758704591 2.328107782535812
6.543613722482208 0.4674176340382674 0.6434169402403991 0.6788240245422805 1.6257740833713645 2.2838383711181907
6.574298381710791 0.4655771843078227 0.6065567075971935 0.6958254666977524 1.6058917419911878 2.2736692656136235
6.604888732255651 0.46735111291212217 0.6478541990549087 0.6679534325901317 1.5244641442704439 2.3116055617072524
6.635529499839192 0.4486813252924149 0.6711199652175905 0.6562979056766695 1.6025643573029065 2.2854670995176223
6.66617812802592 0.46470807456129526 0.6488853822950771 0.6571626543462254 1.5522053577509367 2.3012694850599553
6.696852865696923 0.4452293168412258 0.688346472104271 0.6882989748952233 1.614983084498295 2.2926131929794176
6.727505915484715 0.40903943507662577 0.6389107186517763 0.704788974465105 1.5786843681458071 2.263758042479541
6.758101295671616 0.4428384142710651 0.6944708019085171 0.6615247791940977 1.5613536749211878 2.2723361891140743
6.788782380263182 0.4340093599201633 0.5945969981255474 0.6607484637052554 1.5463546411613207 2.2615910335073925
6.819441255290108 0.44681246723234924 0.6732307299524414 0.6284145166309921 1.5235720377360633 2.301346436539811
6.850088597609649 0.46179706816623645 0.6140386616774562 0.6408789153927241 1.5452105733104686 2.2833525122289275
6.880767063355592 0.42219922555410516 0.6383673091630084 0.6803462541733085 1.5027600545196855 2.2901056425593
6.9114159685561605 0.44340512818774824 0.6369981673289778 0.6723813367193966 1.497101331940242 2.2882398544348033
6.942053047332843 0.3626931816404777 0.6555349174511246 0.64181976247438 1.4879573814050415 2.3011708288583503
6.972685235385795 0.43949047497948035 0.6079014341112028 0.6458654119605478 1.5045272076766376 2.287142920859308
7.003351778647644 0.4167410618544243 0.5586548230601518 0.6406143905552093 1.496889831360187 2.2835751541451685
7.034039569390622 0.44815263922640236 0.5809839492320577 0.6258162361509885 1.5010267498058543 2.260022442918384
7.064669234631867 0.40377761795130085 0.6334953643161974 0.6342652585789104 1.5229980055328467 2.25862686133319
7.095292897751143 0.4450900188594964 0.534904853232 0.6193173632733373 1.4491547831873834 2.254255623929863
7.125954878233091 0.4168497893591394 0.6024615660190558 0.5816143135937631 1.4161322236676888 2.2745351039972816
7.156641924154587 0.44930502723736887 0.5815712035201652 0.661391834325072 1.4792147227870536 2.2518830462445187
7.1872894492229955 0.39998942474583576 0.5964134067244327 0.609902574558148 1.3876894782363856 2.2665701812504313
7.217910139177414 0.4184235938332703 0.5521311715635011 0.6684040841403592 1.4069924410320493 2.2757950832843004
7.2485691783523505 0.4271228301594865 0.5883582023412444 0.5994752945220676 1.41889603821402 2.258476479203123
7.27918991352567 0.42720396259087634 0.5666835139484573 0.5964373336803167 1.4285198360691682 2.241156348650294
7.309769040096287 0.43062270334177644 0.5826445703193353 0.6170399431161135 1.4082073485775903 2.208621976026397
7.340419279334124 0.4213475489849572 0.5847000307824121 0.6355026775038823 1.4407495550872707 2.2363361252457015
7.371104403163581 0.39460639595453206 0.6310002132751629 0.6037114941183974 1.4067236438066268 2.241423199688029
7.401774162034179 0.37354977866254635 0.5469609428112839 0.5311637741534618 1.4290098281094517 2.213855425772044
7.432460352795604 0.41054673272212794 0.5974270463179434 0.6011770250709649 1.4236211707011317 2.2203878478598607
7.463135970993188 0.4607654941798289 0.5598450236605014 0.651421241910257 1.419320937638103 2.213709448507288
7.4938367694348065 0.4278001080793514 0.5603624875145735 0.6856296177047225 1.437733583997582 2.230781282532705
7.524471054539799 0.41687603511166516 0.5496918496369163 0.6112417446456606 1.3841857586695552 2.2324713632515096
7.555052587072787 0.4114723885373506 0.590142679710089 0.5801757389856731 1.4279348738395354 2.2226026167351565
7.585730506235616 0.40000268002629347 0.5916318801737043 0.6097232352544677 1.4386021249737013 2.228697457750032
7.616388851061438 0.4070032539165802 0.5117233717200901 0.5881290698749381 1.4323268211701874 2.1865191052826103
7.646986975143308 0.42952655098035586 0.5247730420888499 0.5843321264260433 1.4012519895466222 2.233357273763915
7.67764293337945 0.3936145203810759 0.546896678019076 0.578808474276265 1.3354916460566943 2.222669361915826
7.708321367010165 0.4012356071838441 0.545240444232484 0.6203593648420764 1.4375135886669834 2.2196944072564784
7.738976058543908 0.3631853813172814 0.5436683376931846 0.6346759298451624 1.3844493448163715 2.2103047627656114
7.769583983617338 0.3914795284765893 0.5524670567672978 0.568117878324941 1.4145865314654187 2.1667434962045746
7.8002398053089195 0.3586320709874746 0.567111789542661 0.621810951524739 1.3698443654026984 2.2074822135763057
7.830948460876613 0.3566670652353876 0.5119091228157465 0.6471346961528255 1.337290436368785 2.213644611797806
7.861575556311477 0.39435340582013256 0.6041078537464839 0.5381104530444867 1.372102204110911 2.183118409183364
7.892200892691749 0.3722960273081255 0.5500141460466155 0.6113004388785998 1.3631232033841116 2.1555332399607527
7.922848602558638 0.3690561571573925 0.5269307905772262 0.512446493876905 1.3714145197465393 2.1930196031324556
7.953491248685887 0.39826890885599875 0.5198006547791709 0.5529693877494595 1.331746729972238 2.174507498425868
7.984158384461951 0.3663398846393495 0.5508775001640637 0.6317498738600272 1.3352823637910591 2.190842985971878
8.014797490022302 0.3450952266818308 0.5323894880559711 0.5726888468684466 1.3096845522230414 2.184618668690324
8.045412812182713 0.35367006806658496 0.5360210608359637 0.5606418568926566 1.3155460592197352 2.170061367818655
8.076069778176912 0.3803533825757255 0.5313294462099861 0.5231513162079616 1.3472175410286638 2.1932376740467943
8.10673584707013 0.3040130971718047 0.5209849151240689 0.5553321801696496 1.352110506300661 2.1686550209841675
8.137417078750179 0.3190711547242664 0.516798719898536 0.5442335097334497 1.3756294324292986 2.161482689901419
8.1680569409577 0.3258477108150748 0.5001985051645221 0.5680121744778994 1.3482552364398965 2.164726931855209
8.198655751810348 0.3168522342781088 0.5030624935762154 0.551165781993881 1.2789638313044966 2.1860194683084146
8.22934615929315 0.353982532200795 0.46655487851529187 0.5171094044152035 1.3104876954560993 2.1311998494554185
8.260058391586002 0.2976907829451325 0.46044722962503937 0.5106720243731362 1.2961126506586127 2.1544654435903094
8.290650957628738 0.3398817245541408 0.5540489719656434 0.5841541981836409 1.330692701146539 2.117906023018129
8.321286784390969 0.33094591034797505 0.5117718515929566 0.5236227988974874 1.3327235089403036 2.164367294229021
8.351974123492177 0.29267569677472016 0.494589676547102 0.5165637571604239 1.3439772178784057 2.1146717607448164
8.382629070514982 0.30891680049223047 0.5242412107054676 0.5400910408660934 1.3123609312232918 2.1414710894889453
8.413278047084153 0.28230568142082135 0.46068642532528115 0.4931636755419282 1.302511126242854 2.148276657251424
8.443892352748806 0.2976365357599009 0.4714676129970582 0.5083089442929741 1.329754000465537 2.124177302280703
8.474578324440033 0.2724246391716767 0.5327727693243853 0.5596428044535947 1.2881861900886806 2.115438822284198
8.50522072981958 0.29651992850160513 0.4944597023614572 0.5835319400289344 1.276172537110525 2.123131402073525
8.53584150862049 0.2860383349098683 0.47254055277839424 0.536403675360706 1.268040556302494 2.1375581951005698
8.566510391933909 0.28181697916120463 0.46464831668461476 0.48411661319588517 1.2921962923380645 2.1085398824630177
8.597145237449595 0.32219449293080293 0.4677303197954725 0.5015377962511379 1.274393174598508 2.0950344142608754
8.627793468579322 0.23191997760501293 0.4463667500275005 0.5223134603327662 1.2661023324891056 2.1275246997054076
8.658438316633722 0.26108864267287757 0.478687338473978 0.5244892981097966 1.2351728702726064 2.1198190612002876
8.689101466513543 0.2945629802220473 0.48718898335665983 0.5192342253657064 1.2405911684457196 2.1299671495786887
8.719755227176416 0.2412037930535993 0.4805634687832554 0.5121038851631347 1.2415879641281866 2.1045943996180814
8.750411755564787 0.26039356446487694 0.5036777736772462 0.49794966991866846 1.256812087821943 2.099084860220425
8.781057177092231 0.29039714571663433 0.44020394439340504 0.5319234494281202 1.2640720165272863 2.0841447365485504
8.811685194299626 0.29832200016395527 0.500418707336556 0.5423127199295237 1.277272448259771 2.06423171600255
8.842313571705136 0.2548021825500413 0.5097873108699484 0.5140280072044753 1.2357756949929128 2.0579251178557225
8.872962790383935 0.2740795250562722 0.4602903627824281 0.5044680778931203 1.2417261796976633 2.071624833606612
8.903634707799931 0.2619203007123361 0.4655992391525139 0.4905405007091756 1.241935727213607 2.081432476875957
8.934282733339229 0.26252512259535843 0.5193315271282226 0.5227682043118222 1.2456539883181255 2.098838847703787
8.964938196913163 0.2834300629558584 0.4703765634447453 0.4926713016722737 1.2022422778046749 2.0817822237546357
8.995630699047458 0.24257050128453583 0.4239717955538017 0.514485039808932 1.2471000530219387 2.0678627031758468
9.026284939446422 0.23345345964168374 0.49110332939546486 0.48605715045969333 1.2595059051805746 2.0817888803402447
9.056913167074578 0.2887705889566805 0.475116008736866 0.4565435180091777 1.2469144653430626 2.068813678893946
9.087555270383875 0.2843189492665099 0.43523265388614174 0.445520315723859 1.208512624622907 2.1051904789319886
9.118197990459555 0.23947234875197565 0.4399343634822417 0.4792586497171457 1.2201425057619812 2.092421640440289
9.148875772580157 0.2755914170674645 0.4134140253784946 0.49033362688956367 1.2336388831575975 2.0439814739311277
9.17952595683082 0.25061540935586213 0.4372627414553344 0.46143197732467284 1.161115562702813 2.079557846448138
9.21014881366969 0.2525308451471808 0.4626646531812305 0.4991302354979451 1.2264775035308666 2.0667085715282765
9.240758914336162 0.21998278795893444 0.4024937156612962 0.4868344252112624 1.2237155865013638 2.061524396675971
9.271443277120849 0.2632364511068075 0.47327870087377333 0.45257622406826964 1.182434684240516 2.0234474695584757
9.302128176904919 0.26008279903409703 0.41920159289803893 0.4350923773643328 1.2062945325888972 2.0930142596516887
9.332725821028632 0.2768130108664779 0.4364397737148533 0.41923807193671947 1.1810603751444593 2.0838292221088057
9.363377275402911 0.26012995093941615 0.4263427114609729 0.4232561356352976 1.183922068236766 2.0387918115452965
9.394036172609484 0.28739294197812626 0.4320859280042373 0.4272778588224362 1.191047198949903 2.0291829991948958
9.42470786339375 0.2859234199369154 0.44617493608842274 0.4212478805955847 1.1551515941456014 2.020604428287282
9.45533919559934 0.2634597830154628 0.4355271465200735 0.4944433902686301 1.165462871402942 2.0414935228028206
9.485950204043192 0.2635067456942941 0.44370418969953873 0.4711350200092683 1.1294487416555223 2.042493106808286
9.516621849297609 0.20153928655005648 0.4040046800561109 0.48371216947361273 1.1254260812475705 2.0401796295910364
9.547297576842178 0.24061237058787377 0.39653463056450183 0.41189917697205647 1.2105943125223337 2.0320975562872814
9.577952088748685 0.2630597833327719 0.37118081759235544 0.4179775111523052 1.1849918398945922 2.0032060577400332
9.608592659958571 0.23413321018513678 0.4124375914657149 0.4881012691139305 1.0739430956696236 2.0376954790967985
9.639265891900836 0.24232698768389294 0.39831869714318524 0.46265145551483366 1.1618990125746909 2.0770946376795774
9.669943033870481 0.26337945247568495 0.4124249681664778 0.4785285383661757 1.1514387992919608 2.041652226978307
9.700576595794983 0.2299031696246967 0.3957061941848939 0.4190838511403313 1.1198515398010382 2.0034748746387723
9.731211687476483 0.2095816006193485 0.36131747949886334 0.4270494664727299 1.1123135977950906 1.993135755950866
9.761863193740938 0.25548788068827877 0.3850807680960848 0.4133182308125012 1.1697733400926822 2.0098046222149746
9.792491438890258 0.2227485959341058 0.3699922249010869 0.41071513424452133 1.1797984030929107 2.0029020064539043
9.823117176101611 0.23881198342782572 0.3878331067316666 0.4043351048429705 1.1402021134705416 1.9727578754609534
9.853755180272458 0.24794260248778177 0.3493290265857857 0.45985393403058583 1.1070312226571388 1.9968508782117087
9.884447588747612 0.2267876841269445 0.32705646645549186 0.49548828550113766 1.1010578020777906 1.956220931886571
9.915127558760851 0.2547856080011568 0.3714904568968801 0.4636358333455331 1.107708259713879 2.0055289624779604
9.945729969367191 0.2195576471248195 0.3788061581380091 0.47705632283666755 1.171496817053038 1.965190783585348
9.97636574767265 0.19952547731513004 0.39015637606938336 0.4354972612470678 1.1256021886779697 1.9514130332049728
10.007052245847854 0.23872585002463365 0.4023962246645171 0.47747466709688413 1.1242181942303775 2.0079334504156954
10.03771488329486 0.22675135725994 0.36251658054370417 0.4484005986744753 1.1146140564651228 2.0001452417630667
10.068363431584139 0.1749137310877158 0.36971542623839526 0.4697019007274842 1.1624146785806566 1.9668352294961156
10.09902679516371 0.22733921865310536 0.353693140284595 0.4556384600345371 1.1090753155987245 1.9667651119864331
10.129709425782895 0.22822093772843943 0.35799298445535177 0.44359211486084926 1.1369655753065855 1.965361031671573
10.160322440707295 0.22960376669207583 0.4083650014115923 0.46950194717055915 1.1011863614531858 1.9930837212882841
10.190907254510375 0.23764904185119673 0.3844512211443044 0.4375263710986206 1.108978613919664 1.9487112206169732
10.221587329444622 0.20115648795641983 0.3824645915926236 0.4092980946292535 1.1238337805672591 1.9587871553607705
10.25223062307625 0.2310071532467528 0.35740601528531113 0.4287087506529832 1.1042457585897476 1.9774722895233205
10.282861634336445 0.21281573832078848 0.35676601911691574 0.45023028925139774 1.1220215092436963 1.960775524385877
10.313521982643397 0.19327701957083332 0.35580113342794684 0.4289251651754402 1.090331789573931 1.975893987173402
10.344160895982851 0.24603424234848514 0.3276869896636727 0.4071429294095935 1.078583837321644 1.9484977282299412
10.374820748529073 0.19786623075088827 0.3475005312507382 0.4044408448934419 1.0388314214677492 1.9593400199122961
10.405481992538315 0.18034647859311637 0.3615658933893322 0.41925980854353045 1.082648351790465 1.9467096287444587
10.436157734286091 0.20498498826722167 0.359035161639454 0.4406176527224111 1.0809610855441285 1.9544959293681536
10.466822334058294 0.20643480699094274 0.32889761909351145 0.4774481127891742 1.0853085605479489 1.9243021595511662
10.497439676008653 0.19188205621860743 0.3910877516174932 0.43597435020823505 1.086759440411277 1.9658917089247052
10.528099675759456 0.1835815329311885 0.3639238309346394 0.43726857352641657 1.090100014658542 1.9340574793077598
10.558767053704702 0.18475307478672764 0.3277359802387939 0.3880303214431857 1.0812740477013558 1.9247725241675762
10.589427778578049 0.1869774711535488 0.32587283039735815 0.4218033827479677 1.060901605961753 1.950416753882284
10.620074483598673 0.15439100954320217 0.32812718883254516 0.37373071914228156 1.063021404875212 1.8902703128568885
10.650676979820453 0.1942597005244906 0.3134117237060394 0.4407651527605063 1.0897391545959432 1.9591605620083805
10.681322141189879 0.18592770898929079 0.33856184956470425 0.4462448049069648 1.0687217315878312 1.905579763722264
10.712006623309883 0.16484280867165468 0.30625231226538463 0.4198330965082301 1.030953555404551 1.9300199785222318
10.742665058466203 0.1720943440717404 0.23706485984454073 0.43121100506364196 1.037869094045068 1.9332025600269616
10.773290033170625 0.17292045459322058 0.3022645114460433 0.42015329454480543 1.0728761368935402 1.924064059954448
10.803932593960203 0.1752945327153943 0.28134117170367623 0.44681642724471615 1.0603958124863304 1.8814172120245827
10.834606062333986 0.2078089238313896 0.27787852983420047 0.4209030163790648 1.055490312142398 1.919911771284183
10.865239806263036 0.16583868199397944 0.3041841303937684 0.430243697089446 0.9985761777972428 1.9233324822340676
10.895894049707096 0.17956509241531027 0.30705310783919787 0.44350136575433163 1.039879744559379 1.9126728819524872
10.926555932350597 0.16440064948377464 0.27936726302630444 0.38767204925843524 0.9933971326297523 1.9155697672259606
10.957193947232097 0.18091100459423304 0.2870236053793373 0.4027171992128354 1.0316141974174349 1.90180893230878
10.987837177205574 0.17717702922490308 0.2940543734467762 0.37050701537210157 1.058594187008472 1.9325005867384881
11.018456360846143 0.1567253741380925 0.2676869780226897 0.43439438747542336 1.0485216936355561 1.9218530093346848
11.049118114411634 0.18689380124780164 0.25792467539627684 0.4062609979473525 1.0055298997852387 1.8831596697826716
11.079758662382279 0.17229030964179382 0.2701199981811009 0.3680192239345079 1.0548330917951316 1.9244457997584066
11.110416943673698 0.17063520353055917 0.2791517935984773 0.3587129061393348 1.0588132148403 1.8850372031744667
11.141092401343688 0.14424721855033518 0.27921575474692717 0.3793045608770597 1.005964441592546 1.9291645223570542
11.171727535668712 0.1731523898610854 0.2668386747199619 0.39424935613547796 1.0646045479303317 1.8689956327278046
11.202400726230863 0.1611487193196648 0.28069110324761715 0.3566598155661089 1.030075707850292 1.9042609392434744
11.233041112853487 0.1717859700679225 0.28612723849398325 0.40332154819802724 1.0551249043285496 1.88187280997006
11.263672171754834 0.13842040246019427 0.27718063068123294 0.4138254288338311 0.9871818819945679 1.879858212337052
11.294338401772702 0.17249610455800868 0.26882654074706386 0.40634480308025267 1.057287036302459 1.918961324814714
11.325016789367098 0.17182211593899988 0.2617300144252337 0.3815005154149012 0.9748133057730869 1.9214070753201535
11.355675261856971 0.16128967004753525 0.26122988847784956 0.3910797695081495 1.0191403362324223 1.8839693184945823
11.386281388244596 0.1358699852605849 0.24005865069246796 0.3735725591316598 0.9861562101901588 1.8690591718519038
11.416918477414974 0.14698286504311264 0.23937890974143045 0.4075870053782966 0.9729719737427924 1.8490524012889293
11.447597304181725 0.15111277800465395 0.29988575096010717 0.3519244740377744 1.0362176877016753 1.8653437982777747
11.4782695536152 0.15131475212703305 0.2515200999702115 0.3458473720487846 1.0189828737132804 1.8931805334465404
11.508917608185033 0.11973855052708204 0.24847666424066428 0.3867956075115158 0.971970281366324 1.8702515600582466
11.539538037152424 0.14000678615420092 0.2201647514955725 0.3722626601200285 0.9868215534126239 1.8664628344841268
11.570190878045493 0.11362445865458204 0.23214353708208169 0.32760693388078266 0.9935304353065784 1.8562017610841481
11.60085262695521 0.1467904780703455 0.2338289205827664 0.3659566274905699 1.0100053168131804 1.8646997917664914
11.631487775115614 0.13010948838227843 0.24998492034176328 0.38709443068129834 0.9945248008448595 1.859637883999759
11.662140921583635 0.11069802209014323 0.22987313820839822 0.37923757856337564 0.9963127740982975 1.8392059656343798
11.692763188018887 0.12428901192581554 0.23437284741421782 0.3777566205250053 1.0231055329079326 1.8387469508803846
11.723399324826842 0.13333755785632784 0.24743703993526253 0.4213323908011434 0.9866396409928372 1.8363699642918654
11.754078166872217 0.147317300098615 0.2838934739001334 0.38034760057903927 0.9887389706848074 1.8386208753903919
11.784743812200261 0.1302098727766654 0.24681950494984953 0.36668357980529 1.0046821961258938 1.829773697216737
11.81542336209933 0.14641450344507811 0.2888103012547569 0.38894050740114483 1.0006492945215357 1.8439107410462232
11.846063160343872 0.11532898239455802 0.2548301680671441 0.381724007951739 0.992935530279544 1.812928419976239
11.876682144139346 0.15643059290585848 0.2547289960060425 0.37392327887861654 0.9808280582961522 1.8442169498216545
11.907330918676616 0.14765905186274075 0.24749571375309537 0.3724928795034427 0.9443885593203908 1.7800961626860525
11.938004514025534 0.14552244184837138 0.2602930922499526 0.3864628503108747 0.9608654378228502 1.7789744535230687
11.968647225857698 0.14546804830244842 0.27635671461279016 0.3644967633927716 0.9830715032819035 1.826176822721143
11.999283959885368 0.12962348771556664 0.2644446627763006 0.3365107913733778 0.9698111893316842 1.797413775518054
12.02995795407622 0.12641061382272722 0.23523249891068415 0.36285543093204964 0.9385549338979774 1.8338998736067502
12.060606720840807 0.13562802936062823 0.2627014696936777 0.38663628911927594 0.9218730791964271 1.7841372527450705
12.09121894434441 0.13305433182248416 0.272615109427467 0.3592079847512005 0.9439925606571791 1.8304822150943454
12.121865539787697 0.14038977721446466 0.22538362549468177 0.3498472025158673 0.9156969829306664 1.8465446149722728
12.15253747859672 0.12360512042797422 0.24462243510076995 0.3212209505462258 0.9433379473182234 1.7879098003788099
12.183165383436885 0.1214781143838084 0.2507166679802524 0.39937556889348974 0.9091195058398838 1.776871675824826
12.213823489648856 0.12360790384007836 0.253106571469341 0.37102368768928917 0.9466631649586962 1.802440653936163
12.244486759899559 0.12116696017417161 0.2648604257427035 0.37938059095871735 0.9138572740784683 1.814296989391816
12.275133815445706 0.12909991622402806 0.21226784459925818 0.3575911079683478 0.9147379625043246 1.7933632999477722
12.3058066882552 0.12754245383414742 0.23703729053467051 0.36820618996915877 0.8932823949894746 1.8181503063456355
12.336452918237004 0.11330881623626499 0.21627431757451737 0.3562597528727146 0.943366241784912 1.7938522997154485
12.367086666912487 0.10622610782044184 0.18368149770248837 0.3587589408230666 0.9625425169484962 1.7728776061786529
12.39774537973864 0.10605584468535212 0.2450462165115508 0.3725237133105538 0.9473141196213726 1.8032805645191141
12.428406316777606 0.11531291965664492 0.2343408716858965 0.38744374146454097 0.9518467527653215 1.7847490515060707
12.459029403758077 0.11073706179810516 0.21212829134740369 0.33603734150644937 0.9719260426019867 1.793516151704303
12.489644862240223 0.10972698914254453 0.22193542893292179 0.36806920111407637 0.9584244492670899 1.7950367938699414
12.520336429971874 0.10527631188845366 0.24409797429542296 0.3456430626604576 0.9555494812565539 1.8030812656056083
12.551006853681342 0.11616859888578968 0.20199688536100824 0.3732010029696254 0.9805474195465593 1.7782769359744806
12.581630015613523 0.09652506466335753 0.24333792594978004 0.3385817366947018 0.9447967278572947 1.7945322804118669
12.612296511719872 0.10183283175756341 0.22412120423184892 0.36827380412462096 0.9143067265064286 1.7552310296082176
12.64295673089889 0.10718494862711148 0.2356157371704698 0.34379855577935575 0.9262659674406855 1.7654879411783302
12.673585185725573 0.11078672571884662 0.20674215254636766 0.30801548729742206 0.9307756664658695 1.7882894167988075
12.704199034753202 0.09002678159027999 0.24314558592208318 0.334108055466085 0.9359719994201445 1.7768664554467581
12.734866072921045 0.06279775210615846 0.25094160207438615 0.36965726264809806 0.9621876167631 1.7673329411725938
12.765529157309363 0.09062646234432759 0.24893791104728957 0.34805577712351143 0.911671296823104 1.758242705751444
12.796139284214656 0.10705076027991756 0.28089829246096054 0.37174462070412334 0.918514966538845 1.7509058326200155
12.826794803699128 0.06452310632640179 0.2125919295591585 0.3348456682895105 0.9310891575933958 1.7472012587523587
12.857458598648853 0.09765407207799282 0.2224313266682834 0.3725790710191733 0.9124004829981749 1.7482926334001918
12.888105747328954 0.09661259645327602 0.23576469708051578 0.37926163056604867 0.9308954428421219 1.7659454550628801
12.918754413020975 0.07965350599259846 0.23791090103535018 0.3442216453596506 0.9176287701800299 1.7534784117550415
12.949426864167917 0.08783683189664604 0.2182387461732675 0.3791556438370501 0.916241718306031 1.7586113484459556
12.980095416412693 0.09208412179805281 0.20571425263236842 0.3603508279568022 0.8996504859816621 1.746501402006345
13.010730268098659 0.09738137659083712 0.24059832089704195 0.32557090114778925 0.9432022847088313 1.75631350353023
13.041391875505509 0.06634087120173993 0.24268510005706373 0.3235354574370818 0.8900513840666224 1.7391425029052856
13.07206834970513 0.09659877561862151 0.2567823705204275 0.34274221908923347 0.8979979906798691 1.763417283055127
13.102725716615671 0.07049857559459749 0.22083695252176733 0.37448904901081975 0.906573774945588 1.7433852170052182
13.133361865664758 0.06967817029516654 0.21821332071154204 0.33084282121468284 0.933616136441336 1.7233298208032526
13.163992822255535 0.04635523224423066 0.1947215642387125 0.37967635110619313 0.9098751629761397 1.7292883795240657
13.194613275285493 0.052564483625441305 0.2294248403171502 0.32985336942235743 0.9452961307288765 1.6975812027552712
13.22524855651252 0.07024330539412427 0.22728706248868147 0.3213217000603019 0.9539694511659503 1.7364518910118032
13.255907449013321 0.058763975882527575 0.24719745470050336 0.3537551500635989 0.925210109677463 1.735950824374275
13.286570654890937 0.07633149741194112 0.23294065288591953 0.3182745548332794 0.915957532428925 1.7189732826308108
13.317266726290832 0.08572549540492025 0.20275557241030961 0.3415803303267657 0.9176617667680456 1.7152763453282018
13.347898308043614 0.03891061278721741 0.24333797715828723 0.34208503417656205 0.8741749485161445 1.7088226700739026
13.378497701290287 0.059400945321714804 0.2235877040766812 0.3437411634834589 0.9045421375700693 1.7358838456059345
13.409173845651663 0.0852271856010578 0.24110233570860598 0.3579144939673159 0.9284245197114913 1.7045576627708414
13.439832050938664 0.06792927250475644 0.22587019583858026 0.37406243045231363 0.9029552517476147 1.7331331168167792
13.470479996218803 0.05671396914590732 0.2552373411809832 0.3321095975282081 0.8879026378496062 1.6980451223662327
13.501145833802175 0.09896545089457032 0.21701652576483327 0.3609851619532475 0.8735999641692711 1.6746637713483805
13.531797044769972 0.07348637472099906 0.2013546304014283 0.3344641508942757 0.9058786691752932 1.701655841812959
13.56243433346455 0.08471922662906195 0.21203294452474578 0.3270941922880217 0.9109615672797817 1.689713216689006
13.59306270393267 0.06797848686938002 0.2177875468772708 0.3405013273265175 0.9268040647581981 1.7086014852968114
13.623700676407005 0.07551382401078222 0.20721340215784878 0.31066214319351804 0.9605336688491544 1.687164930449133
13.65436233683866 0.07212491871475102 0.21409751970481153 0.32929091669221067 0.9184141343044041 1.6991387824713682
13.685033219533684 0.06783757266962898 0.2241643140965831 0.3076540314591048 0.8937459543292253 1.6420899610575685
13.715691548619048 0.05635823329157352 0.19661164263754333 0.33433705507690886 0.9190041428456626 1.6807073189649224
13.746291379216064 0.08105603450909493 0.2244083939850731 0.3602623196705589 0.9073010295976083 1.6613066584851721
13.77692775673677 0.05537788572592017 0.19036524308463662 0.3306270170808839 0.8943562614901717 1.6905626029340777
13.807631478241191 0.07437843984659631 0.18936942804930326 0.2952673810110862 0.9246671713298182 1.690616150751908
13.838290864700976 0.07811511613079247 0.19010514534678408 0.32042101148595437 0.8872281673656037 1.7246289569344837
13.868934506991218 0.0656965368356821 0.21583955152055426 0.31149584437184574 0.9206957732127311 1.679078228068147
13.89959038931873 0.0798865285383954 0.2053270735914269 0.30172403915716806 0.8941797941366827 1.6544320469755593
13.930236106930245 0.07205127745365303 0.19549022539508826 0.32475004937963053 0.9157521768146449 1.6653092449084843
13.960873886866802 0.09095302059724197 0.1974104783575354 0.31535496355998394 0.8818936573508995 1.698378738236256
13.991530304990333 0.10074129289352474 0.2196434199493193 0.3090359101587874 0.9003539198478046 1.6457183445187973
14.022188053362962 0.08961046946945439 0.19813065391289697 0.3254772981323799 0.9259264523540935 1.6431214397976386
14.052835678845334 0.0742959232998941 0.19642831246399048 0.3296069842671844 0.9093957652380232 1.6591938662897843
14.083481251218743 0.07648507086194023 0.2107714825718626 0.34296582161591155 0.9294558670936235 1.6672565166390307
14.114121162297433 0.055710056603131 0.21736812373242956 0.29887525105865864 0.9042826100055374 1.6404738015483307
14.144753109086912 0.07635707785486057 0.1903845768443263 0.30521854369903173 0.8983142480731627 1.630474775239556
14.17538857094332 0.06893344139949464 0.19133660970723437 0.31517821664504386 0.9327922344680364 1.6739644815871264
14.206054823973743 0.07611551311678788 0.18487769789332523 0.3031081223522441 0.8725072674907284 1.664014340739611
14.236714096613916 0.08761379295493255 0.20402170550485882 0.31599182948858656 0.9000642988875089 1.6469133080487972
14.267364316920876 0.03731351839195263 0.1786938030008876 0.3394049081301427 0.9327517410720323 1.6310890126803175
14.298031486755827 0.05533148176652958 0.2242223456617514 0.29831224290991243 0.8995908343999519 1.6325409875761028
14.328675222936372 0.0481295801864956 0.20364936390779634 0.3386738960924853 0.9101781413809609 1.6171149674520446
14.359323943996921 0.06540198278019327 0.1930427795162369 0.3374599676710215 0.8928586808998663 1.6466007002330325
14.389991291721671 0.06345408095513205 0.20231164975598231 0.3173521492573399 0.9080805235547116 1.6143945211396984
14.42062640644412 0.06730579605775944 0.2152713582107279 0.30611899037392465 0.914253565878056 1.6055476764921153
14.45127289245055 0.06648134576156206 0.20492331008576137 0.34473313151602264 0.9122779745430996 1.662621305487915
14.48193590754191 0.06582760544288746 0.22074135262256944 0.3275638344725694 0.8751529820869477 1.6276816734359516
14.51257561476934 0.07116946851472683 0.20685743049508584 0.3228723582655165 0.8857172374905378 1.6421653608468167
14.543219611551402 0.062375242853063284 0.19122555307716496 0.3357296273274715 0.9104499449120436 1.6059772895072455
14.573887021763287 0.0492710642301919 0.1962818811744843 0.2850482000441925 0.9069483314803225 1.645475909812689
14.60453281306091 0.0395042044871774 0.2161324254696079 0.29875380698097087 0.8848243215723814 1.6134850321508005
14.635153335514648 0.04654589717074886 0.19978580298764756 0.314590140681841 0.8756344178212143 1.6347648593541797
14.665787611702168 0.054083709536432156 0.18581747942242585 0.29875686739381224 0.841110124937549 1.6091963083436727
14.696439356986017 0.06654725046280063 0.2059921517124627 0.27397470149796177 0.8930867113172288 1.6036536009360953
14.727095040334133 0.0572894156978343 0.19102493983846813 0.28970800906271255 0.9095203416960322 1.5989349225196772
14.75775024531295 0.03152771820828182 0.18106476505627767 0.26351066230515346 0.8875481960912734 1.5848821181546824
14.788413814909227 0.030903064452543205 0.1997388596356346 0.3032009754018624 0.887430053508649 1.5843905752404799
14.819075030279361 0.04586859405592447 0.1887531159295237 0.2947638849978393 0.8674265756381081 1.6035133795478793
14.84973519132059 0.02672635237948029 0.20800442729811996 0.29098748244240424 0.8670401915707429 1.6200661883570207
14.88037459435344 0.05997750317612738 0.1774906486362872 0.29709472050134433 0.8821024890608836 1.6227867109264722
14.911005251431586 0.03648460277960952 0.198099017025523 0.3128376195598688 0.8782179782809849 1.6073354498836796
14.94166265515927 0.035454290831764546 0.19354224754426894 0.284650381570297 0.8842311474050757 1.6399046659493717
14.972316554693496 0.029761553688252285 0.18195437309411008 0.31132875106405217 0.9142545578187661 1.610709126141692
15.002990570844565 0.05632309822897419 0.17997484330854954 0.3171080739823054 0.8865426352660999 1.5857900826210354
15.033639724256943 0.04946134042129291 0.16902823859613347 0.2935408090380298 0.8531340865293162 1.5910206316270008
15.064271103167526 0.04868186719851453 0.16048857059454125 0.2874317967642873 0.9239469389270414 1.5929322569870585
15.094920907630268 0.05140271759167092 0.18900262581535765 0.28933617471425366 0.894238080068962 1.58676810444067
15.125582604527825 0.06799742900552852 0.17707347228732603 0.29900091406535845 0.8983354937657129 1.5913288850465725
15.156241827614803 0.04023272330280658 0.14982780299570705 0.3028875084303051 0.8561279796633601 1.6074276336727347
15.18688016927333 0.030725016589634446 0.17366837251473874 0.3096038275015482 0.8412452050337356 1.5862533055692827
15.217521243951422 0.04763094093111153 0.1709362618148719 0.29448328808505236 0.8634713767344384 1.5737235632225457
15.248173994179709 0.04891829664219083 0.19031642997307074 0.2836940212054021 0.8523648213047862 1.5563813851193555
15.278830404389392 0.03373470464278938 0.17235940928764362 0.2807581739382457 0.8247197721307686 1.5651077975451764
15.30946284300203 0.025109462906356406 0.19121475244030273 0.3155728988709534 0.8543862041931546 1.5732817266486132
15.340125535262404 0.02578055202326235 0.16023809131897782 0.2766791814227454 0.8264862132037964 1.5758509545845443
15.370761202540487 0.005914814527956391 0.16203857218286455 0.31537289993003603 0.8953577598119502 1.6085763507490642
15.40138663340956 0.010716812588493774 0.19102001834884355 0.2835328438652695 0.8546881919315623 1.579272314807036
15.432046326909846 0.02531677565006607 0.17857092938719354 0.28615771768781706 0.9079667067877454 1.5584236355477314
15.46269409307066 0.003876328455802991 0.1747902244213927 0.24492294780966473 0.8198351987941406 1.5616104003417437
15.493362555864564 0.013811982094056319 0.18131037839538017 0.26806663063008723 0.8774434485252507 1.5778845405575068
15.5240104677437 0.0020813946668551964 0.2012399832972854 0.300830846503321 0.9115632954498605 1.5868279426995433
15.554649070112902 0.033567964123988325 0.153805812751104 0.2799195488334769 0.8501601568795745 1.590511049181123
15.585320568315947 0.01991208094829444 0.17067903650193886 0.2774322890484365 0.8431534666597877 1.5929723178204047
15.6159804785256 0.011133140704082667 0.18033309551918705 0.27854736440410405 0.8800064428372828 1.5696415834323034
15.646595372894922 0.017399243789848473 0.1728939144324697 0.2899124585854005 0.8836550605398348 1.5825021374116077
15.677245578138857 0.030900951191881187 0.18289689002061016 0.33057432706881906 0.8536445146331093 1.550363648876059
